-25.2418257796721
-27.7039874175053
-28.0803789098781
-26.4824588408328
-23.0478935574952
-18.3224474137583
-12.6773016461232
-6.57989613654422
-0.690508053296665
4.5394437000538
8.75607655876791
11.4329027752895
12.5462258078505
12.014891394849
9.87193494507526
6.41391314700713
2.08374002561263
-2.90708865985749
-7.91406083450894
-12.5393364200465
-16.4707860316936
-19.2545422167483
-20.6605831329856
-20.6546352926997
-19.0342082628154
-15.9639030198658
-11.6259776678839
-6.22930404426067
-0.12055308988939
6.21792569835885
12.4779879669629
18.1579742552475
22.8386134865608
26.2578770858773
28.1564467445809
28.2828369230117
26.8260654844244
23.7072914215976
19.1967569586036
13.6125854576336
7.28960380642657
0.552168333195038
-6.08088126280698
-12.3726930657147
-17.9356636715081
-22.5045210882348
-25.8793325785613
-27.9924773406644
-28.6921805892604
-28.0662659036178
-26.2189264996186
-23.1952984511013
-19.3214896737815
-14.7530536433985
-9.79881395598307
-4.72255653999813
0.0967626782536877
4.5250179303493
8.15265451211787
10.8898529889814
12.5465878829202
13.098244870334
12.4893337233766
10.9692785475683
8.54994376000591
5.61609284097461
2.43244494681844
-0.721692721050693
-3.46525917332969
-5.50059458875691
-6.63003969078455
-6.60962653387752
-5.39907772885431
-2.99062791389773
0.449486820962856
4.75921515921376
9.48520529325238
14.3134054746602
18.6870007506174
22.1758529030074
24.2615004645422
24.6740652928721
23.0357479534707
19.4455038150662
13.8741581273295
6.74081268936628
-1.53773737824304
-10.3284027944046
-18.9808838242993
-26.8331515717856
-33.2491756964165
-37.769980453399
-40.0369622075498
-39.9108807835147
-37.3983963259836
-32.794421375592
-26.410868392176
-18.8621016314724
-10.721054559325
-2.66378999708365
4.74990066265805
10.9055513378537
15.5758367193555
18.4612914411152
19.6076951115215
19.2017968866943
17.5192322440358
14.9612918742121
12.0234636585492
9.04376595459568
6.48464043263743
4.57854474647132
3.54484057564913
3.39416190867113
4.12211261914297
5.52496632121215
7.34475630689325
9.29862562599596
11.0356724454101
12.1821129478176
12.5730823340004
11.9013755412891
10.1484829375104
7.34307143727897
3.61955559995603
-0.789651941213531
-5.48850424338906
-10.2236080294056
-14.5574850964461
-18.1887135412655
-20.8822964641519
-22.4806701886132
-22.8257189274828
-22.0902547390999
-20.2906853945986
-17.6438074296296
-14.4758439860895
-10.9971182169186
-7.50508839271528
-4.32293674032209
-1.61012291027085
0.523586875209049
1.89322967782593
2.61873558016074
2.75877604942832
2.39279136714178
1.76487446091123
1.09837811593172
0.456467627514169
0.163665772958123
0.295699229199705
0.845438134649886
1.98468464203518
3.56094565446856
5.47118694616887
7.59759734334152
9.74572926320658
11.6021228621391
13.0762036105685
13.9043518638589
13.8811709015013
13.0297396187926
11.2578501329777
8.57573140918393
5.23834759968693
1.36302651635267
-2.8626573943217
-7.0009842220136
-10.9426709414348
-14.3952807014475
-17.0850586692248
-18.9302179369334
-19.9008108991611
-19.8338238511476
-18.9587430945208
-17.3514902135911
-15.1057020161305
-12.5420750554622
-9.84110795747223
-7.06614200471954
-4.56157566749029
-2.30678976633671
-0.32003185280933
1.29862478648917
2.65604427385656
3.90729713808181
4.98050129600754
6.06652754558798
7.22114530234782
8.36505300356334
9.48460961009931
10.6256831827493
11.4280621944999
11.9475082174895
12.0274800379555
11.4301453908522
10.2173990685846
8.3931625998056
5.86668601864349
2.97568570503768
-0.172708888528903
-3.3716012259044
-6.2784322081901
-8.6213019306747
-10.3501238612638
-11.13850808624
-11.049161061688
-10.1935904356173
-8.65486140443512
-6.73341533084777
-4.88159083402373
-3.2930735177061
-2.41232771123588
-2.55850719562027
-3.71165855066532
-6.00458864033149
-9.22598948465333
-13.0099465214289
-16.8988009828082
-20.5407311760933
-23.1478367807781
-24.461986070189
-24.0356722181558
-21.5511591166413
-16.9971335116693
-10.5341480332301
-2.26827504380451
7.10611680820235
17.0528022590115
26.884153537565
35.6581686249181
42.6366249034576
47.2489396759737
48.8144548227513
47.1867963240341
42.4354589407512
34.7815187785578
24.8190720666088
13.4808318136728
1.39481642930897
-10.2722590800095
-20.739092426093
-29.2702852839275
-35.2683089157208
-38.2862006798105
-38.3584551948467
-35.4264454751021
-29.908490475239
-22.375241755783
-13.526316786767
-4.18836101926883
4.63071376296812
12.146930995406
17.6516787849905
20.4855639266959
20.5644712490965
17.8608894850651
12.6968032798945
5.69619277883466
-2.37262167890249
-10.8001546246951
-18.6366237628563
-25.1908404678524
-29.9029063978009
-32.2621892061927
-32.0230742117279
-29.2449387639789
-23.9135047379649
-16.4664795258975
-7.39242051750313
2.7744212556599
13.283471354547
23.3165877008467
32.3276287746864
39.4951780634307
44.4032247172642
46.7191099426313
46.2943552097397
43.1631941435811
37.7379900427068
30.3089897052923
21.4848847265876
11.943225560654
2.21701290644041
-7.07164531741977
-15.3274548926993
-22.2567641276333
-27.4729023038096
-30.8270421187293
-32.2980615745189
-31.965546937787
-29.9625662849201
-26.6558879934008
-22.3217236286073
-17.3608549949933
-12.1706692128525
-7.13673521204332
-2.50812872035198
1.36817853615033
4.4180983838415
6.52694654054309
7.67026381754469
7.95290048607666
7.43527865929555
6.28773438002689
4.60276943442193
2.59554298212798
0.345775123295563
-1.95524997778559
-4.17862329491637
-6.16842159622676
-7.7942263025581
-8.84500864143357
-9.23510279829256
-8.78773194517913
-7.38498390900595
-5.00530827638247
-1.5953331031911
2.70530656002425
7.76890220108508
13.258593116117
18.8358702356403
23.9832423783866
28.1872924223471
30.9475124235669
31.7094111290607
30.179255922178
26.1234401918701
19.5944977449414
10.8784631432709
0.506776058637429
-10.8186247905829
-22.1799814356493
-32.7154955238397
-41.4813045309183
-47.7446979709301
-50.8494415860966
-50.4258447858206
-46.328335774683
-38.6599594606758
-27.8364588515398
-14.5455682219154
0.309479196813049
15.5894304377413
30.0414197308726
42.4575266945626
51.7658590033025
57.0069491310915
57.8804874881259
54.2095517145506
46.4035419356595
35.2896214452475
21.8776109154873
7.36758900066552
-6.85402912075749
-19.7634965265391
-30.2559038253084
-37.567067459206
-41.2736461035502
-41.1222058395376
-37.1844949471156
-29.9180760166467
-19.9038857867172
-8.02629573450163
4.58437408958192
16.7936878683019
27.5079853284265
35.5117014977772
40.1878163221444
40.9768637198006
37.8231827836216
31.0497710299588
21.3741817603211
9.64835670084429
-2.98106076538362
-15.413587890275
-26.6846747941309
-35.8603972114433
-42.3148186258372
-45.6488716353911
-45.7121062378166
-42.4733648333204
-36.4234109651485
-27.8258320142654
-17.4786736915549
-6.08853097660676
5.53288622454922
16.6346744310685
26.3335775271966
34.2102106395852
39.744377637602
42.667198612923
43.0630342144238
41.0652096723373
36.9042881624787
31.1998168868523
24.3334668698663
16.809194237132
9.25290917094745
2.0231422054462
-4.57997446485261
-10.0720135781386
-14.5029393998905
-17.6563273027519
-19.5426673668578
-20.2358580479002
-19.9646920888152
-18.6763839700514
-16.8029190035133
-14.4341808707689
-11.7355412195578
-9.00247822002287
-6.37989317679123
-3.91686952488651
-1.90549521317782
-0.35533536200641
0.716606755884193
1.07694384156273
0.842325266485244
-0.0197873851538335
-1.52874478153825
-3.61536221953257
-6.03477602366645
-8.83065433003546
-11.6420949251392
-14.2208251926657
-16.4156875768149
-17.8418840036044
-18.1977771412132
-17.4208366383219
-15.1556074916619
-11.409577417365
-6.22671463286934
0.294218475128322
7.9247137651772
16.0973081143845
24.4844684261335
32.3724226157106
39.0727968569644
43.9922739855204
46.6115760821227
46.2872997593149
43.0526291558602
36.8167295555316
27.8160242015493
16.7871832084334
4.39132707576582
-8.50692972456952
-20.7682330534477
-31.5812632096542
-40.1236011769389
-45.642536350318
-47.7639402740405
-46.4179720922534
-41.4754072555825
-33.5355912325308
-23.1955230352211
-11.2364451731564
1.1363291158719
12.7920641459755
22.7830338450616
29.9299856996858
33.6956774012027
33.8177315290009
30.252278878563
23.6001171696855
14.6462550205008
4.3551851600999
-6.21268419476874
-15.8486308319706
-23.8428829740206
-29.3224402231953
-31.8416647339695
-31.251916799382
-27.576261103443
-21.0871767636984
-12.4643674382833
-2.3656774337525
8.32674971227071
18.5678129946403
27.5244750975981
34.3879629690363
38.5066091425661
39.5900039061784
37.6923462866094
32.9221274939755
25.9264183784968
17.4259745834749
8.02962341254312
-1.24379473071126
-9.78531019686516
-17.0181616903885
-22.453796309804
-25.8536899877766
-27.2873367384405
-26.7365666993602
-24.5752320325575
-21.2303221341161
-17.0772726220099
-12.6422954819883
-8.43649106724267
-4.68426527558977
-1.74415375845769
0.263059178465985
1.47212945082599
1.89716363572194
1.78627005228583
1.47273261600779
1.12213383458556
1.00217323883776
1.28915679534034
2.04844795534829
3.21517957620274
4.7994833050394
6.53581534731797
8.20240853603029
9.62881901006422
10.5331838660127
10.7219335418359
10.145105278798
8.67922829213587
6.42213230742369
3.56542059082839
0.271447858660584
-3.14162852566713
-6.33321198674886
-9.07687492072298
-11.059310123157
-12.0956365756408
-12.1095976856077
-11.1253431531994
-9.19143738939896
-6.6579095088647
-3.71673629653952
-0.814445215729909
1.69284861539981
3.44242144187321
4.16708318298639
3.69035146933774
1.98166954078262
-0.781525109947267
-4.40889483360059
-8.43788516008837
-12.4753304225512
-15.9885577634694
-18.6054014111645
-19.823655027047
-19.5319319484603
-17.4369730122367
-13.6884040377465
-8.37852331795236
-1.90725111278394
5.3033073710607
12.6634790691218
19.5559644822611
25.3986773181771
29.6100767863255
31.8130954771191
31.7782205275491
29.4535940322057
25.0876514446308
19.0232650318459
11.8451725318104
4.14300626111979
-3.35655697818363
-10.1212805368776
-15.5317910420543
-19.327979526541
-21.1852819612035
-21.2343081914616
-19.4929711500696
-16.4456708245493
-12.4736665174742
-8.17236791647949
-4.10713522813276
-0.830635617038593
1.2776507707134
1.94845017889165
1.11219636721894
-1.00378689754818
-4.12771464163053
-7.7589848563559
-11.3445886506719
-14.3563104165737
-16.3843652343882
-16.9550252285709
-16.0545438722195
-13.5730674992815
-9.71892392261748
-4.88327417935128
0.493193288444405
5.8921710138499
10.674831430148
14.4189925895939
16.7052792924885
17.3645516568534
16.3117159071228
13.8764380161131
10.2581123153332
6.08859665403172
1.87177859953805
-1.841678774626
-4.57298267923045
-5.85102689775388
-5.62623610195651
-3.73693778533023
-0.404192621544798
3.97078666576411
8.91552100878974
13.8187996641481
17.8822533546619
20.5894356090049
21.335616132196
19.7329268732764
15.7587070886839
9.6023615882243
1.55075767729464
-7.4907297155419
-16.9225768697063
-25.783761508992
-33.2415650347963
-38.6019165864211
-41.3762818700595
-41.1438657376368
-37.9149192608985
-31.8855651306325
-23.4002651973609
-13.1917898492334
-2.06853763543629
9.08364782346379
19.3138213882844
27.6017855739349
33.5104701400515
36.3011026108343
35.960849003053
32.6151958494748
26.6774177708305
18.7319445159447
9.75685413276643
0.460728962633147
-8.26615775686321
-15.5764958840702
-21.0020909643667
-24.084394011943
-24.5296612040726
-22.4725367896524
-18.0873315485854
-11.7002403296284
-4.04363718958161
4.25143264431136
12.4967569203067
19.6785539377284
25.3027564141465
28.7372793813957
29.5886453982209
27.765647845514
23.5800085871881
17.1433521326867
9.29495385088028
0.650068884922064
-8.12795414649784
-16.1992888228487
-22.9795851555251
-28.0910126643741
-31.0790444629692
-31.8709944657676
-30.595042404375
-27.3192639296968
-22.4843208195459
-16.5543984996626
-9.9741552309384
-3.27235238007166
2.94481459265902
8.43265991117237
12.8071216512339
15.8251023178385
17.6192901499027
18.1586545077991
17.5919992072319
16.2925606460601
14.4112603808049
12.1612853736323
9.86151345933446
7.54585184520171
5.22838077109875
3.07812302307939
0.887591797805588
-1.38463397084355
-3.68921442043773
-6.17632089294681
-8.79999437055246
-11.3366429620677
-13.7752075478059
-15.8309034556129
-17.1558173712458
-17.6278854764516
-16.953084663262
-14.9540321890195
-11.6659550028303
-7.1907016254984
-1.68910985377841
4.2879749763947
10.2539847819889
15.7177824481282
19.8138368987344
22.1608548529834
22.3236417491287
19.975188314286
15.2431116570423
8.54241284465213
0.196278561469947
-8.78089647209846
-17.6501420253659
-25.5317897653418
-31.532407626571
-34.9482329097791
-35.3862106943702
-32.4700047247193
-26.2157627032465
-17.0269460467077
-5.29370102283103
8.00524095199102
21.8039394996159
34.9702941917794
46.1712955999158
54.2507750583971
58.3352300895296
57.8650925458939
52.6474705975016
43.2232297355133
30.2491907151538
14.9314159188017
-1.40478811998961
-17.3009415689523
-31.5977721085563
-42.9829263964864
-50.7573322287088
-54.3604673262132
-53.5260802869853
-48.445577377047
-39.5443719465253
-27.5782372217332
-13.5621827813555
1.18084181781255
15.4489029531125
27.8337872601812
37.2010215063292
42.7795681887753
44.1028127020068
41.1319508829328
34.5171347769978
24.8628020061761
13.3633919947017
1.21283094849848
-10.5371479926057
-20.7713620825262
-28.6461226527357
-33.6761909204739
-35.438865566119
-33.926226618551
-29.3225339694623
-22.0627896671072
-12.6949345310288
-2.11050736255124
8.96624661297794
19.5440261579536
28.8387842088291
36.09140649978
40.8306467506989
42.6734702294539
41.6758094279123
37.9548514934612
31.9566989926463
24.2090767574574
15.406887581311
6.15357506338104
-2.86806121251154
-11.1271460119195
-18.1966676645021
-23.788186556395
-27.6737222888408
-29.9280458417448
-30.5026150058173
-29.6747834000306
-27.5953828587335
-24.6072422735991
-20.921101081937
-16.8544219896242
-12.625959793291
-8.39156092074695
-4.31890346726884
-0.476256947176136
3.05992950343826
6.28165656904485
9.05878662193848
11.46605384022
13.2530842268353
14.4716014341628
14.8732427663267
14.4808645179667
13.0780726750269
10.8054007790489
7.5821113538369
3.64825557143738
-0.777242095798306
-5.3687680743493
-9.72267458243729
-13.4101255445621
-16.0297976079039
-17.1984712109947
-16.6274803840101
-14.1666337222488
-9.84359420395496
-3.77637192865969
3.58541373166522
11.7696363858133
20.0145780512683
27.5844894439483
33.5124582102617
37.2379605060099
37.9223345704502
35.420630981825
29.5524400646022
20.7344200218257
9.52899651866174
-3.06456337636997
-16.0495018637602
-28.2778990135771
-38.6293588605296
-46.261935666121
-50.405856861677
-50.6238549881484
-46.8317549405245
-39.207271233305
-28.1551751647441
-14.7003552707551
0.280219866030775
15.3781676494171
29.1958714142421
40.4995018161804
48.2023992121036
51.4715785844205
50.1623501782568
44.4473599882612
34.9411126161814
22.8086644175559
9.27008019864156
-4.42267572123547
-16.8442121307146
-27.0639277482193
-34.1862332085766
-37.6953582390533
-37.3830351900916
-33.4313217050633
-26.1316446487429
-16.2878486434873
-4.77497834762999
7.29994920941791
18.8177307629824
28.514402898469
35.6055862350494
39.3070941134383
39.2312857736716
35.6074576152929
28.7438121077887
19.3904230646752
8.66597210553004
-2.56950853455017
-13.1945885970443
-22.2942321029699
-29.2254768761283
-33.5528757276251
-34.9569800874535
-33.6555704373012
-29.8457210258039
-23.9659245785802
-16.7393723043619
-8.8451833283116
-0.888742700926184
6.2718542779946
12.2132075702308
16.6244518836209
19.120676249753
19.9378443151133
19.1738175747212
17.1413651997375
14.2750748267888
11.0963508270286
7.80592111524189
4.91705723839638
2.63380760286729
0.950689965743501
0.0164414426235701
-0.307953979972153
-0.302280062124397
-0.0811189144189222
0.0916128181762553
-0.166128219032702
-0.791858515141373
-2.02221877327204
-3.99320170145414
-6.3023054848428
-8.87331369962562
-11.4653562741628
-13.6929362738217
-15.2404490534355
-16.0146544085209
-15.5896666954966
-14.0957910794272
-11.5671402258842
-8.09461655226738
-4.05452926920617
0.0931307124418548
4.09436990563944
7.32638967893522
9.46972225753943
10.3459345566957
9.69202417849682
7.58979373560647
4.33363216310032
0.194854288233465
-4.35044100075239
-8.63970882717508
-12.2843719402111
-14.751947929398
-15.5466077021165
-14.5922135872344
-11.7169551258948
-7.01112902225144
-0.856331701577459
6.27477091364916
13.9049376544588
21.0965060748554
27.2517934790551
31.6959707876316
33.7439432621945
33.1617691234606
29.9231827166401
24.0300475671135
16.1082284652603
6.86056076053368
-3.07064355984443
-12.6163551470082
-21.001619077682
-27.6206584684238
-31.7713877007923
-33.2349826352937
-31.9750500300834
-28.1401586473311
-22.1700121366857
-14.8475699339702
-6.82946047064427
0.886614464830476
7.40616406050441
12.0653997808407
14.3057582741842
13.8856190810383
11.0154614018021
6.12284170615227
-0.22677828936546
-6.97671173312372
-13.4078392862549
-18.6115784949276
-21.9252367323476
-22.8054209639427
-21.189112216698
-16.8792977023212
-10.363839595179
-2.13205474628678
7.1494613372558
16.5145562847477
25.0626905967132
32.004107128939
36.5272617381596
38.1588402500946
36.8221289492556
32.5416114870356
25.7930720657612
17.3839108390582
7.97405030147957
-1.38029901572546
-9.84192636616809
-16.6787847911396
-21.3803349594059
-23.4733317121046
-23.1294312543598
-20.3103538891495
-15.6077651598033
-9.61579889662592
-3.14185551871999
3.00104004311308
7.93928144675287
11.0235060839191
11.8478149360517
10.1667054018112
6.23002463877079
0.46790760440277
-6.45962846684478
-13.7510324413243
-20.4672043108284
-25.9728684372712
-29.4658871756296
-30.5849773877677
-29.074729809837
-24.9650343832573
-18.4765322246602
-10.1325783945481
-0.570345472880919
9.42236407323227
18.9170654910695
27.1159869805517
33.3061975604184
36.8194793973634
37.5207765962884
35.2190532913681
30.3148724150337
23.2609171318333
14.8085971963604
5.68976919607482
-3.16555978734387
-11.1138175522201
-17.3956635774064
-21.6532045508751
-23.5304290046718
-23.0666058662472
-20.3701720962468
-15.8131832885967
-9.93654268334386
-3.36715632785347
3.16475337266
8.93719970081451
13.363534672518
15.9189613538184
16.3940979945239
14.6717973286902
11.0636786940564
5.89843130005904
-0.17540720845842
-6.54694040797988
-12.5411167506276
-17.5717714915394
-21.1217070875546
-22.9236584849894
-22.7974210320627
-20.8145663289912
-17.2331097876617
-12.3785866724958
-6.7913228384879
-0.937868683491137
4.51665094415677
9.27337298430523
12.7643916694976
14.9676309047802
15.729528185347
15.2206389168348
13.670985925314
11.504382612781
9.03425813680989
6.72543562180337
4.87057272479114
3.6519530548308
3.19732962450345
3.42993857124027
4.13883517713513
5.02399782461987
5.74066966314098
5.8239720855225
4.97219990886919
2.9846261471638
-0.380330251018938
-4.82886545323049
-10.2399667777687
-16.0489022571043
-21.7328676627717
-26.5752253517413
-30.0774178468306
-31.5668948539856
-30.744201862847
-27.4325638834256
-21.6699543519126
-13.784057996265
-4.38645660168393
5.81707571848685
15.9105804365792
24.797622993803
31.7626899305498
35.9187479016929
36.8323735514391
34.4306034616508
28.9155508576947
20.7849772237127
11.0352079255261
0.575959202975041
-9.5618746023325
-18.2080729840981
-24.6630875623772
-28.1984914427324
-28.3452396861318
-25.1265206650854
-18.6775174248143
-9.45676987295627
1.62403931316104
13.5747382866026
25.2565355093971
35.2057860601755
42.3891543004006
45.824110367667
44.8864554322949
39.4909675459465
30.0700804027135
17.3435352038604
2.56943535392139
-12.8361628081106
-27.5974326904254
-40.3114119462976
-49.93589768637
-55.7251136395779
-57.2059416550403
-54.222926188759
-47.1283941412045
-36.4120813288322
-22.881422735622
-7.79378891397608
7.7392333414115
22.3517206744219
34.6979556535168
43.8513809097697
49.1827568762301
50.1466906211433
47.1959274171822
40.6533276015339
31.3808163561864
20.5164919623521
9.12467897601227
-1.8061575803044
-11.2127671956866
-18.4177256393261
-23.0334421240339
-24.6050877222995
-23.3236984180702
-19.434917718775
-13.2653080098277
-5.59722337583696
2.81340816895846
11.2462011683309
18.7465588629716
24.5710271185362
28.3291565507089
29.4337822735243
27.9554399002272
23.9995592303732
17.9744288610286
10.3638922485968
2.04446386099782
-6.48756790330002
-14.4830528989717
-21.2994486851997
-26.6774279351982
-30.2503818561279
-31.9388445641531
-31.8869694306603
-30.2986313827341
-27.370815094785
-23.6536162018806
-19.3718136318126
-14.9114184988374
-10.5708344553117
-6.54394730444761
-2.76169964966622
0.571727646055844
3.70728197859218
6.76448738738391
9.7229074944095
12.8395747250944
16.0879309113344
19.3011456072508
22.4797876303726
25.2978458995029
27.4347903962748
28.5808478808375
28.4790954222404
26.6935864060915
23.3070342527363
18.227284022808
11.6466280088142
3.98453293415398
-4.18691025964327
-12.4018029257672
-19.7277668763635
-25.6650092958663
-29.6361947428175
-31.074021829021
-29.8405217229215
-25.9439371093494
-19.5194751325495
-11.1956018577929
-1.72976534787907
8.02742086625342
16.9667507367062
23.9908129094144
28.4139305833578
29.3935919949887
26.8134837096285
20.8885679365363
12.0729092850346
1.31260385797204
-10.2133524830114
-21.4220194422701
-31.0945442142867
-38.1939026494651
-42.0656498870371
-42.100461957487
-38.1784529422839
-30.3755363633751
-19.269911859771
-5.4783473191422
9.70140883887877
25.1768010644934
39.4303171995359
51.1486824553554
59.0696213939448
62.4688769088049
60.8272189689068
54.3662134139507
43.7363667695277
29.8413855372459
14.1043649000043
-2.04492392165433
-17.2806657175106
-30.3101882125488
-40.1674965122804
-46.2636545934844
-48.229182475602
-46.0092091292926
-40.1179960795509
-30.984977937321
-19.6980199330421
-7.24624080428797
5.08149951870246
16.1876728235814
24.8448215107031
30.4484738428545
32.4104792839458
30.7686261980411
25.9436886730882
18.5594591723585
9.60024103777471
0.0968018255453101
-8.91132140434404
-16.5890580213231
-22.1335869983295
-25.2131715904891
-25.5013016284282
-23.1535983323073
-18.3495843245998
-11.6911202726792
-3.7390571670418
4.72963767602136
12.9256765115175
20.165610272331
25.8071780834249
29.3981145047673
30.7499671847691
29.8330500858364
26.8741662434396
22.2656057318614
16.5165342697658
10.1484093748669
3.80487932960394
-2.1114684422486
-7.14809149752893
-11.1128536481088
-13.8421062484721
-15.4581824138514
-16.0332994180379
-15.9207898794536
-15.3894398440711
-14.8027671080433
-14.4266120916211
-14.4713774197254
-15.0267711582308
-16.0094002173176
-17.2715324386034
-18.4965940281879
-19.3035223213422
-19.3997850898311
-18.3793752708568
-16.037389645866
-12.2739784393685
-7.09667744509854
-0.706638874502177
6.46488349541466
13.9977634161982
21.2438831859844
27.5921107912291
32.4089852804236
35.2484472821197
35.6835833893993
33.6734626278432
29.3577930002123
22.9763384132739
15.2534047137936
6.75339933369321
-1.65483753314485
-9.23285212130496
-15.283886778843
-19.3079797269521
-20.9087866592897
-19.9837566311823
-16.6751870393808
-11.2961183158784
-4.47605557330579
3.00216786063159
10.2679002343982
16.4497813994109
20.5504950976482
22.1367761099043
20.6740871588895
16.2136878970249
9.18213347276835
0.13237877473252
-9.96977710020547
-20.0953121218105
-29.1950807769969
-36.4280261957192
-40.8957599773123
-42.2993396543774
-40.3477698369443
-35.1168025428733
-27.0384140398724
-16.8049294340608
-5.13290952676121
6.73292508887296
17.8869588762937
27.3395404943259
34.1519974186137
37.912566780326
38.3721617875211
35.6878150960708
30.353728479053
23.1728741615965
14.9277571264766
6.56203814204654
-0.946155828705559
-7.06345370079632
-11.1298066999212
-12.9080882581591
-12.4317932680119
-9.87863961326475
-5.59296931698877
-0.394781712496745
5.20497431884463
10.3315025112489
14.2203981874407
16.3685768591319
16.3795308531762
14.0152297341314
9.58673661090374
3.46895280248205
-3.79720877104553
-11.2846637061099
-18.2866799269099
-24.1356589821764
-28.0531453089178
-29.7711422021667
-29.0867952338241
-26.0124099896996
-20.911621856906
-14.3504560475245
-6.86555452674305
0.667547910696319
7.45748385966296
12.9734472979601
16.5594288046739
17.9648239032905
17.2429746920576
14.5601863258021
10.2645818933682
5.21189033157992
-0.196348066804797
-5.10016337850274
-8.92838821365273
-11.1893713625367
-11.6445379228904
-9.97553621158387
-6.47796510356775
-1.35637574545053
4.97752899809884
11.7207966961758
18.2169616997849
23.755795857958
27.4248636203606
28.7472489818455
27.4115290370076
23.17730940326
16.3648139132548
7.56801995829682
-2.69883838791359
-13.2685792556451
-23.3108026796879
-31.8872464903175
-38.2284157364403
-41.6197892126971
-41.9555499344741
-38.8844744643937
-32.7606929444372
-24.0246047952279
-13.3170736257827
-1.54944115673097
10.2324772441318
21.0592474398425
29.9975842581353
36.108348799574
39.1122704487748
38.6934541601414
35.0618069310576
28.6991547042773
20.4271370501049
10.9071768350396
1.38431129827525
-7.44117870534465
-14.7728673981724
-19.8946542223223
-22.5444412780275
-22.5904630787621
-20.0308920963
-15.3076914406978
-8.98675096612283
-1.64959583202583
5.81505564054532
12.5482588804169
18.0031610461516
21.3515429144341
22.3688481515644
20.9752392544017
17.3083453725148
11.7490496961575
5.08080778409366
-2.2445168852326
-9.3083741040465
-15.5428210000711
-20.4512782406432
-23.719099172764
-25.1362551041043
-24.8748544207215
-23.1219971406924
-20.1925493669901
-16.6589088803558
-12.9156543889868
-9.34199966266866
-6.3817031970561
-4.09728896201258
-2.53458777631449
-1.63785809967167
-1.11233542713053
-0.501721351531249
0.331414474987091
1.81867170655188
4.13294754991933
7.33146739165853
11.387794029513
16.0680014352578
20.9335923113828
25.5459165788266
29.3953806353648
31.7727100112068
32.4244782125337
30.8294099956802
26.9640030069901
20.9231676499928
13.0754804950912
3.93282518822007
-5.68938395817541
-15.0445016309065
-23.3064885936837
-29.6823481591613
-33.6175528496242
-34.7197385076438
-32.8134975993976
-28.0018814236927
-20.7597707148167
-11.6584241680202
-1.66503806078231
8.15514315003177
16.7847101363739
23.1212274070535
26.4478063994368
26.2309789934217
22.5139281565345
15.516293821853
6.15581683457559
-4.73038642969932
-15.9145198702842
-26.2483089284222
-34.6816044000941
-40.356340473639
-42.5818266640682
-41.078986295268
-35.724027333602
-26.7479219455935
-14.7219649516324
-0.360613227520695
15.1610329607978
30.7377431177805
44.9607149266208
56.6139586112115
64.5947953900129
68.0953323052779
66.7386191824276
60.6010274611504
50.2337548746961
36.5076558601473
20.6882120316409
4.02729025057963
-12.0305961217341
-26.3195552225668
-37.7873516017876
-45.6980989141861
-49.5747723425673
-49.3137002817159
-45.0222366475342
-37.1605795611634
-26.5165548578725
-13.962127904438
-0.718335139658876
12.0303552388409
23.0994769176731
31.4724274158424
36.364129789681
37.4452049603476
34.7364831348083
28.6259658099295
19.9235903587703
9.54013302572528
-1.43559552644159
-11.9293829852781
-21.0424103494933
-28.024335657542
-32.3727368201394
-33.823893431365
-32.4180267774479
-28.3100827854454
-22.0051173043947
-14.0553314875924
-5.193431494966
3.9128705591588
12.390159209792
19.8011103355042
25.5033396098996
29.246379113122
30.9662380103492
30.7144180995816
28.7024810900434
25.3647744031748
21.0320255280821
16.0941233363754
11.0044098840573
5.93925026810408
1.09197418016038
-3.33648365292284
-7.45901243429323
-11.2096112322787
-14.6226440372903
-17.753718050767
-20.6153089738514
-22.9719879334515
-24.8966437672485
-26.0010223702283
-26.1490772219538
-25.0853685233646
-22.6507133294435
-18.634565948174
-13.1912583024289
-6.40706395396634
1.47823550122198
9.78400507156786
18.0960862839985
25.6523354230285
31.670402744774
35.557625712169
36.9104069925095
35.1883505248225
30.7097795663254
23.5325451561169
14.2968120094282
3.82426041618062
-6.9735895005766
-17.1943648081843
-25.8038903395975
-32.043450635003
-35.3472857327937
-35.2201352894588
-31.6191478381854
-24.7742982085736
-15.0244118147162
-3.26769946402778
9.52208808061901
22.1429818456704
33.3341661423485
41.7173116891188
46.5164385357564
46.8752798012102
42.6648467980672
34.1842513890536
22.2385322862151
7.78175680483069
-7.55953749856506
-22.5847975914797
-35.9292305130306
-46.3251948427248
-53.0582527945909
-55.5392769507636
-53.4474276294087
-47.0442540781202
-36.7120378072618
-23.1078746603243
-7.39070875448153
9.24690560880896
25.5421978123019
39.9616416966579
51.3498447048727
58.8823801014575
61.7309932634343
59.9596976489048
53.9050014923917
44.096380830681
31.7277605187446
18.00082448355
3.94306195972425
-9.06123343974451
-20.1676013589409
-28.597198033492
-33.8627505341682
-35.6610939399968
-34.2225103963623
-29.6430341607242
-22.5616137923944
-13.7115667126494
-3.90487732999739
5.93118193322071
14.7310904869533
21.8213530984045
26.4638901208475
28.194367944921
27.0287030289205
23.1061633326415
16.8001335519391
8.92695306568622
0.183878421802477
-8.65881789641895
-16.7530360865968
-23.44612371784
-28.4467477409686
-31.1874465344057
-31.8306961048348
-30.3902524409311
-27.0775343080295
-22.3338674350648
-16.6785249813482
-10.4379958186998
-4.24797897006268
1.52593469248221
6.68491446625288
10.8849913981216
14.1356139117585
16.5145572030259
18.0970393749312
18.9858023587646
19.5662093486774
19.7192159515093
19.7176733658208
19.5545737912016
19.1171290319269
18.3346426004759
17.1255060723095
15.1942602489641
12.5041211988065
9.05050958224558
4.69305444487315
-0.297731099929244
-5.65634525991148
-11.1480258768521
-16.2296305881937
-20.4766056723996
-23.5374490973406
-24.9671972224624
-24.5137525007135
-22.2279663336224
-18.032418908258
-12.3516019514475
-5.61549763316273
1.53294499164045
8.42783436388701
14.1840606382743
18.2600344704887
20.0694873712609
19.2814382747608
15.9938949697613
10.4343731189659
3.11997945628497
-5.11331392009178
-13.4437657512517
-21.0213880265259
-26.9675285068427
-30.661884383084
-31.667359524698
-29.6873980829033
-24.7961466100197
-17.3055644113266
-7.72265361358349
3.19481832199615
14.4259899412925
25.0947421634776
34.0682683196034
40.4963269582592
43.7866844291451
43.5103077963901
39.7382842532374
32.8610782903821
23.5330445809995
12.6287528586513
1.26570038930889
-9.64618453479529
-19.1246902668242
-26.4097131274309
-31.0474286935626
-32.7116617624406
-31.4051108956981
-27.4150867301733
-21.2001116764975
-13.4130984338737
-4.94017186990203
3.44893597134308
10.8010414438473
16.4746941126656
19.8760828862395
20.775428573512
19.1955459681109
15.3810077330492
9.94376632288634
3.46661988024178
-3.24124223374146
-9.47623909855509
-14.5821458219973
-18.1223000001868
-19.6880281824958
-19.2969703353297
-16.9239997730723
-12.9269495939584
-7.66930012086556
-1.75575860495433
4.28637415866591
9.8153219984307
14.2968256278854
17.3503735050366
18.658733257384
18.1912115969653
16.054274318177
12.5070351906267
7.99646079563599
2.97038141556157
-1.98377999705765
-6.46429301732567
-9.98040255408586
-12.2955652266437
-13.2237204953529
-12.7987917598602
-11.1022750677954
-8.53207989461805
-5.32927043767674
-2.07193368222759
0.848091758803888
3.01014418757359
4.09071794998225
3.88747422513602
2.43753073095707
-0.117808848789578
-3.49407203226532
-7.20767804858679
-10.8086903865923
-13.8388597950363
-15.7659331560345
-16.3415146393623
-15.3431547112589
-12.6668178901373
-8.53054256885585
-3.16693645846468
3.01791876319843
9.43115406984968
15.5011189019174
20.6981956826255
24.4005585041496
26.3065521631024
26.1679080642599
23.9957683910745
19.9066673627727
14.4605962023096
7.9661297493334
1.21570645957615
-5.27186490171883
-10.8886442757455
-15.2041838087112
-17.793238941326
-18.6494654648985
-17.7001227535156
-15.1686842394392
-11.4934754788659
-7.10397254295391
-2.52914923206091
1.53062096232007
4.69122782090444
6.54254949591805
6.77649382673142
5.47994282325334
2.85384105942103
-0.91950033725294
-5.11633872277442
-9.39159524802254
-13.130108859649
-15.9150835718768
-17.3437038598365
-17.4032409039498
-15.8890131754397
-13.0872693564681
-9.31447815129564
-4.88782835245269
-0.34676889042871
3.80912056363525
7.25660887794739
9.668786189191
10.7606369150715
10.795752492023
9.70474889722029
7.90791955555751
5.78415485629524
3.76454955935113
2.12465393863904
1.41301078456915
1.61386117273132
2.87019192707845
5.16682057003079
8.10936862039401
11.3784138380242
14.5942619823933
17.0714755841614
18.4409797082851
18.3085582744051
16.3475473863787
12.5273189286668
7.09963979308298
0.255805795698651
-7.32654921912268
-15.0271900578381
-22.1703666505717
-28.1054814883194
-32.1049183576699
-33.9672038566566
-33.2644956746548
-30.0390792865846
-24.5711309268577
-17.2226588479142
-8.58429235926415
0.429327432867142
9.10906623068529
16.621337760848
22.1236181034581
25.2077664852774
25.6072641886397
23.1818512743559
18.4016312773528
11.7661702996911
3.86666374071924
-4.28560113252817
-11.95380890004
-18.4539612689338
-22.976194530071
-25.1692377712802
-24.8043799853011
-21.6950621289048
-16.1376544523289
-8.52239649595883
0.644059791683511
10.5832575583791
20.3084386504252
29.1812839105194
36.1089101891995
40.4782989692317
41.8733305321104
39.9577653709506
34.8476292520281
27.0598648361622
17.0801679497923
5.82047655222878
-5.72875101048457
-16.7546520306468
-26.3397117212723
-33.7541377493155
-38.5299537420249
-40.3939905373109
-39.1798148123213
-35.1757913902686
-28.7451195644106
-20.3362657608665
-10.8766259737699
-1.02783614942727
8.33081593554749
16.3701316366271
22.4582938416587
26.2606238398404
27.3649992884205
26.015707863952
22.4720423479182
17.1494702722802
10.736099658968
3.97193672323783
-2.66181820280945
-8.43524192567812
-12.907599432948
-15.9222086424209
-17.1571365230714
-16.7565659706614
-14.8950920400478
-11.8010260575951
-7.86052846680619
-3.54954840544699
0.808250292271634
4.82146401020902
8.11566401859823
10.6264394503072
12.1727630244305
12.747044781947
12.5155755208116
11.5936280467085
10.0590860070185
8.24123711372686
6.12790627600263
3.84268336356901
1.47883789534456
-1.04069776001656
-3.718343836059
-6.5376278723427
-9.53067351259237
-12.6615893614151
-15.7264953010903
-18.6093219137447
-21.0509015586257
-22.7005886666575
-23.3372405941034
-22.6593066470846
-20.4260563085862
-16.5960701815645
-11.1544826422565
-4.27032341744847
3.71286348760188
12.2791225329543
20.8866431318575
28.7494099128169
35.2155417925339
39.5878573193015
41.3585585476968
40.1384474539301
36.0160155926512
29.0118408729914
19.7870591588497
8.99238302182989
-2.49250243693563
-13.718005157541
-23.7167254270296
-31.7264459919125
-37.0550622247294
-39.2392655014601
-38.1376659524208
-33.7897376260354
-26.5099614366113
-16.9766182201857
-5.96026779618538
5.49097083500362
16.2826313892174
25.3209983838529
31.7118118446755
34.6677616427548
34.0144198390605
29.6437843481917
22.1581308248041
12.2036540745952
0.882339395368356
-10.7803572391537
-21.6320593067453
-30.7279341217762
-37.2548962996796
-40.6516568364959
-40.6363017301802
-37.1082095493706
-30.3847100877506
-20.8177247269396
-9.19813070051419
3.66400635370633
16.7321852761217
29.0680455535701
39.5144989051734
47.4524557559828
52.0711033482549
53.1720376699556
50.7226073969373
44.9895356534095
36.5761500315325
26.2532250844442
14.850575844645
3.31222413186859
-7.55640708837007
-17.004282091119
-24.5163796861932
-29.6473050919163
-32.3066019920065
-32.4398561876036
-30.2826536755061
-26.1775626858713
-20.6814389160216
-14.2629667115598
-7.72529814987335
-1.54433786655472
3.62135427874085
7.40396781881304
9.47190433536997
9.84960491716126
8.53545055324251
5.87684290448418
2.28196225781395
-1.83685760568252
-5.98062229866855
-9.6510985094063
-12.5969290527424
-14.4900623892447
-15.1799239286394
-14.746521290064
-13.1798547597495
-10.6704749696702
-7.49522136039721
-3.87488277678629
-0.00245973383313376
3.74628143441554
7.32653807748147
10.5602661787123
13.3070879860812
15.6151019613883
17.5163442981759
18.8480309498779
19.8810825805786
20.4318106063464
20.5185662853729
20.1005884415266
19.0974283015485
17.3016895908901
14.7564200909224
11.3000667269859
6.91085890552508
1.75482011925348
-4.05636917022649
-10.299969847006
-16.4821289178423
-22.2835846509277
-27.2657773411909
-30.8786698941167
-32.843339855919
-32.9097442522504
-30.7769232293182
-26.667595570959
-20.6596295402486
-13.1489353912872
-4.69112774615626
3.97067356181306
12.2894373365119
19.2999003430501
24.4816350809616
27.3586065492405
27.5582440177624
25.1388579802343
20.4291989677157
13.8158639319234
6.04123980207157
-2.0264633101668
-9.72421397925114
-16.1776076573372
-20.7797997581603
-23.1125800957651
-22.9504685661385
-20.1407741914409
-15.0998185268036
-8.12276698694529
0.200242395676111
8.93532549887551
17.3862289864714
24.6951582271217
29.9653833997564
32.7530778535408
32.7157763248389
29.6406199475632
23.9782109039845
16.1753810891615
6.83413199882556
-3.03377148930398
-12.6380881294203
-21.2398956637705
-28.0319086164504
-32.5599379223848
-34.6396860640778
-34.0046614320242
-30.9621706389589
-25.8418236851589
-19.0714890105802
-11.362941317927
-3.4500422905847
4.11538426202552
10.6100938751666
15.5372883452564
18.7394706085286
20.0181531519227
19.4459202729279
17.485102152199
14.354565634573
10.5888936716063
6.7509441084946
3.17800718939374
0.238638385419104
-1.68400027939077
-2.647307833363
-2.55017591071907
-1.48972817193578
0.234886016445048
2.31800812079937
4.53688013386628
6.38217572199946
7.58932770291006
8.00270251318948
7.27811696286177
5.48830073468821
2.76772606240253
-0.867964606186637
-4.96604749576581
-9.1986591098822
-13.2670517198274
-16.7328973380471
-19.2342242826665
-20.7050183563229
-20.8449998384311
-19.7347446234906
-17.5150610087481
-14.3678809662822
-10.5473458967697
-6.57327827241516
-2.63832675745252
0.838889920001429
3.527506634527
5.37766102737778
6.24142820454352
6.18465921243863
5.40538868028012
4.18773796813253
2.70555734051256
1.46634090647239
0.625468100579067
0.461799019248382
1.15169643455216
2.76626599068483
5.10677355620826
8.20965501333585
11.6348283458771
15.0556849955166
18.1732851616731
20.4784067798071
21.6351763856915
21.4576269642903
19.6899749058475
16.3917489481179
11.7346879757626
6.00359917351036
-0.450789762057186
-6.97667295468963
-13.2539669684179
-18.685561634871
-22.8995033576954
-25.614693166785
-26.73938658051
-26.1518063156992
-24.1808597791526
-20.980420663446
-17.0007052640362
-12.672125643352
-8.46765717982336
-4.724305840825
-1.83844319994526
0.0559084788462572
0.948355275947201
0.889776332979868
0.153194388304888
-0.925719227791428
-2.06477066244641
-2.85916340536743
-3.04036818089943
-2.46417794199483
-0.993205374553755
1.28323416070709
4.21976282561129
7.53298630633378
10.942935556263
14.0059242369234
16.467097326482
17.9768154533459
18.3847566169062
17.5792764574627
15.7049836658025
12.8227123644488
9.3831553474131
5.59870995387683
1.95798460227086
-1.24254621024232
-3.6606781371967
-5.15336492747222
-5.60525103414609
-5.1016080464132
-3.84980686947114
-2.15914195694962
-0.394169818880417
0.955361625575886
1.55526783557868
1.02908742706697
-0.776447059500903
-3.90128206367434
-8.12406364051709
-13.1813750598923
-18.4852358639542
-23.565010677304
-27.7427822069064
-30.5652721361554
-31.4951643927292
-30.3259057903303
-26.8566448163133
-21.2063761117597
-13.6155199089361
-4.53342693406095
5.43270465031144
15.6105981999818
25.1406048395812
33.3826353927951
39.5692006171348
43.1946743811089
43.9641605968947
41.8061153202802
36.8144194125287
29.5505762967635
20.4624825353931
10.3758972400163
0.0915203826099189
-9.66175202478571
-18.1164179189409
-24.6726644660322
-28.9324537300829
-30.6227756735187
-29.6615930282835
-26.2766324351677
-20.773653563406
-13.6396527604626
-5.67913570630853
2.45493751236682
9.92496652937742
15.9375482232595
19.9351112089319
21.523561744496
20.4530500830942
16.9671850356839
11.3609750144512
4.22430056146443
-3.70980423090502
-11.6444828406906
-18.8953689821406
-24.7195801063108
-28.589565527128
-30.2091207901658
-29.3031111485267
-25.9335360846622
-20.3534910222738
-12.8374406836232
-3.99638987377329
5.52265498378238
15.0403681475288
23.8352849550409
31.1286177159039
36.4926017689387
39.4453594721138
39.7632706652253
37.5547692498878
33.0225707013685
26.4758454283929
18.646344003256
9.99878767017609
1.14442103666783
-7.18598494456397
-14.6581949758386
-20.8337698438112
-25.3838940216528
-28.2969362290161
-29.5372940884527
-29.1416644792814
-27.3922695425593
-24.5600620117119
-20.7809240697157
-16.5584510419758
-12.0502607186862
-7.497416414063
-3.20148644713065
0.706509913822645
4.20831815017054
7.01292753291686
9.21048139556273
10.7538738533204
11.4876123416365
11.4984044378712
10.7922903854073
9.31235553109059
7.16115389920856
4.56634212790011
1.45790127216674
-1.70615681349505
-4.75790494335532
-7.44293770884323
-9.3840830556048
-10.2678076225076
-10.0050129610851
-8.24620063365206
-5.03755585318829
-0.461047966452296
5.35665586957327
12.0569302107698
19.0505901834537
25.8823659909598
31.8217287739952
36.1121486537351
38.2255228994511
37.6780451721609
34.001479157327
27.4507433956954
18.093067113891
6.5277859575851
-6.36159666892544
-19.6449909003099
-32.3914751758804
-43.3690138833812
-51.8526517897191
-57.1145344130214
-58.5738785079081
-56.1141732692727
-49.8642864142648
-39.9904191932287
-27.3401794312489
-12.7266211137344
2.88471889757868
18.1480445587167
31.941106471097
43.29569319633
51.1730509125929
55.1396279931518
55.0846543933481
51.0235730023937
43.6055624787139
33.660180736968
22.0336044549896
9.81522511976494
-1.8636295127161
-12.3212443801225
-20.5906216835729
-26.2082768582256
-28.8577140494151
-28.4030121260099
-24.8925649087766
-18.8335069901211
-10.5841233110976
-0.968035854554225
9.17049002004017
18.8944801813994
27.3539057268003
33.5477781248462
36.9619656680024
37.1637004045757
33.9294791834665
27.6185915197491
18.7115388131245
7.82078200733798
-3.97799919324933
-15.8337238768341
-26.8386828146466
-36.1232773407974
-43.0065918632218
-47.1776118957195
-48.1682576665719
-46.0905942794868
-41.0872808106236
-33.459308739618
-23.7456378732502
-12.726657964079
-0.957976445137742
10.5816070258332
21.1520780899548
30.1660400453085
36.9190208594717
41.1308177118628
42.6715724241395
41.5709032252727
38.0444852963027
32.6576592796402
25.765004781296
18.0375027895658
10.0631723243508
2.31821998176527
-4.73812308322895
-10.6547846990865
-15.3177151683977
-18.4955475361378
-20.1372880947574
-20.356396191877
-19.2259689475542
-16.9225613649693
-13.7266700350464
-9.86233150748481
-5.61161796404617
-1.30045303744914
2.78091014855222
6.41716629567004
9.23640796238394
11.1158301531842
11.8459820296768
11.2994494341667
9.47358966297037
6.44088557479636
2.29286909502004
-2.65910709862354
-8.11032322653827
-13.6808948333185
-18.9297019236917
-23.3653504944315
-26.6359180725348
-28.3089501616597
-28.0873286210743
-25.8263003301539
-21.4241857137376
-14.9613012293941
-6.75194588551578
2.89657898407461
13.3465077054171
23.9492378717748
33.9135586480505
42.4622490668669
48.7793641597343
52.2849939424151
52.4951831995135
49.1948386686674
42.5529919122916
32.9044495856914
20.9236199180633
7.51548018637324
-6.37261855791661
-19.6982992900137
-31.4736380931616
-40.9055281289651
-47.3201966368616
-50.3066432786182
-49.7316935273048
-45.6511797731065
-38.4983811608005
-28.7989750146349
-17.4474780312829
-5.35656774609301
6.40891140643807
16.8928008339304
25.1606709536155
30.6644616264149
33.0147945066487
32.1899409444961
28.5487330483143
22.5738367358154
15.0172237511137
6.74180059856382
-1.47252215638337
-8.87727670804202
-14.7442847335306
-18.7534065542796
-20.478327527491
-19.9049736545787
-17.0897524995071
-12.3033505235145
-5.90312383807481
1.50108376986876
9.37760867154451
17.0427435672237
23.8505220986083
29.2270982847943
32.7594696137526
34.0345123157035
33.023541102884
29.7278631069192
24.3791194525547
17.3601000432157
9.20987015518514
0.398705358713775
-8.3954505055
-16.6901592395553
-23.9528437676157
-29.8278587651991
-33.9435644794982
-36.2638256091694
-36.6082656973165
-35.1239506291083
-32.0040379210611
-27.4836456102224
-21.8948069729603
-15.7380025902981
-9.26154902915496
-2.9837478144511
2.77714570336858
7.77301393995276
11.8062204951872
14.6860623243036
16.5311615485053
17.3460436129108
17.1932960227172
16.4042025812634
15.0411019705981
13.3126701994212
11.4880998957517
9.64285336389255
7.84028720592328
6.36468029292699
5.02580309096623
3.99939657125092
3.26030460462419
2.78988241562574
2.50009532742737
2.53297425002005
2.66301711873245
2.95202536838205
3.37122663208819
3.77710940209234
4.10783145030041
4.37235386648284
4.29144968530502
3.8766620420693
3.02257532047103
1.54289617207228
-0.547543582019677
-3.20865475652323
-6.53291111577192
-10.2596090474773
-14.2289199720329
-18.2252339664335
-21.9485795909214
-24.9539287286807
-27.1655031354705
-28.0839162661364
-27.6113186777401
-25.6538668517146
-22.1340849446837
-17.1408427542341
-11.0220315684953
-3.95277676110203
3.58124213929742
11.0326446288449
18.0110227074799
23.9703678577126
28.4333498119887
31.1658578402689
32.0105454572275
30.7669406437015
27.838622457107
23.3578715417486
17.7114563786502
11.5201463029252
5.20843058747232
-0.804942532371003
-5.91808394610651
-9.96645036544576
-12.7369954926913
-14.051662931036
