0
0.929799033398863
1.00914564412999
1.5637946077373
1.26119399725472
-0.157864704252056
-0.147923382557873
0.568181435729401
0.520263751617202
0.2394256997914
0.403817945044043
0.412094499072355
-0.197684433137816
0.850568015534272
0.707883601837249
-0.252830670229895
-1.09742673803588
-0.762084338591713
0.11939621128499
0.831890442325313
0.82437340582663
1.41876486884579
1.91648073656153
1.97070105397347
1.99065792886665
2.97197489021417
1.4498076789098
1.55505608773268
1.29947436553467
0.194786072221939
-0.244116762722354
-0.332351764621848
-0.622033962639708
0.000549056778372803
0.435188389585795
-0.267393565574067
0.0752429393139952
0.568640720575246
-0.185593217426489
-0.341904449526609
0.704359255640751
1.0222278764657
1.59738727172828
2.70747915585211
2.78674145400612
2.95383903826642
3.63573368698159
3.64020477503181
3.88175091184843
3.54311658517672
3.0214745019801
2.9907587229949
2.63361035192209
3.13023047324843
2.71942121157325
2.22499758208969
1.65393298671837
2.3670255400724
2.12332534666947
1.7472524284716
1.66748020724195
1.36153181677274
2.41784911155352
2.85074475759118
2.3893959081758
2.5794993031846
2.74142359700611
3.4518240846171
3.25431481339677
3.77453078745643
4.51608849231577
5.76419629698884
5.73905783743984
5.78177297830954
6.55962340151703
6.73774481987626
6.87153464006882
7.73861504250476
8.29624270936581
8.30400153858967
7.26733662261285
7.20094920151549
7.91251592034542
7.58605002446533
6.12327350248068
6.29456445634498
5.89854869793087
5.82566490459245
5.75116853561473
4.99919939301892
4.88615039152819
4.55451977894063
4.41286512120127
4.06142930721615
3.78246663010217
3.42195890561681
4.57021900918276
4.94645805632571
5.13657070635347
6.22104924243495
5.65398900556002
6.01446263712084
5.37178647496343
5.06477813106672
5.38619361624171
5.02993548648057
4.72267289299157
5.65234405940914
6.65835793631015
6.19345195187192
6.16675833964366
6.79153722566284
5.60847956467089
5.32964240461759
5.91953982728105
6.15951896405629
5.96622138973157
5.32868929539068
5.83871805993667
6.75955061270151
5.37099391247929
5.11248650656997
6.33782994552599
6.6420137758232
6.51153943807587
5.76919675387036
5.53297786638497
6.01130049003473
6.13398877398919
5.84393471476288
5.25936061266393
5.18913682652374
4.42579818489745
6.1157647378016
7.10783267497278
7.53405951486738
7.60467168546571
7.30670750103856
8.47144527711856
7.65130676748879
8.25586876432483
8.39963818981667
8.94180281277685
9.8308915317371
9.81872786238779
9.94272336579159
8.1767158482835
8.07351695641723
8.59626160028046
9.97697195841351
9.24812795502464
9.39068411055875
9.401251915851
10.2697295531502
10.1098777441414
10.1025922400047
9.48949473790124
9.47344607675486
8.73685075075339
8.63401343836419
8.25063051003533
8.143606443424
7.70787763398668
8.75655450144149
8.391496017102
8.36571337333265
8.1112428331906
8.56003626841962
9.35822092418691
9.12882614664386
8.47670343994082
8.73244027261392
9.06399336149967
8.83070579185917
9.25834968494122
9.38329460213143
8.56711861174008
8.94986688876535
8.18968769706447
9.02290207296041
9.25601821545832
10.2878615244348
10.2232875402426
9.23254729452087
8.34933369383868
9.15922479658509
8.77161484150469
8.14834284530406
8.33635570737281
8.17054523170041
7.49169266054828
5.88770553890324
5.60015903664314
5.82206831641254
5.59902617462858
5.50439814070756
5.21595699888446
5.36243707631887
5.80380645844053
6.64049937927985
5.64290768041636
5.77870478979862
5.61616995416624
6.27983845369963
7.68330328572623
7.67526249246481
7.94320064633378
8.60811048265385
9.56707558414002
10.3219348525628
9.01564068621711
8.28051908272579
8.08488646262935
9.28276611903623
9.36876042307512
9.42340328429961
9.48212314044277
9.8533582517205
10.6556980521641
11.2883120494084
9.79004448762413
8.4554039774668
8.39861760497621
8.8736028829534
7.87032083025101
8.31447431860475
7.64960783878148
7.81044336613768
7.80625361631727
7.05964606868122
8.16022232265849
8.61123491891886
10.4179684391182
10.8678955621788
10.655298587795
10.5685139649582
10.2181258436791
9.40338220032885
8.02686879149541
8.02401425278743
8.99731700611766
9.23948656256265
9.03667609172136
9.53322834302779
9.64868705170382
10.0143978647571
10.3361018905252
10.2243017956724
10.8787261128309
11.0774892248292
10.0879502106744
10.4800901055794
11.7241439822932
11.9113939923455
13.1649397222123
13.4634586130175
13.8028615331592
13.6502048695409
12.3443373561918
11.6137449748074
11.4952247992649
10.7947266076117
9.79814059453092
9.76364640689745
9.38160203297287
10.9067089937532
10.971651192545
11.2518371701372
11.5577291221261
11.5848676541843
11.9942955690801
12.3258267507347
12.8083416680316
13.4313261527129
14.0859273531393
14.1168639527712
13.3122703971115
11.6286448459104
11.3397456989199
10.3755183761456
10.1702086079003
10.0126705799309
10.1938111117052
11.2471442810593
12.3165016155344
12.8925952564812
13.0343670276433
13.2961816472165
13.2605908408081
12.2474607583283
13.475297193086
14.2204196372838
14.9573292258399
14.6314255138484
14.991295582228
15.2965890815695
14.2992199995227
14.1872353241489
14.4203795460011
14.6695522817502
14.2668190167487
15.4518102610637
16.6191813354339
17.0529128745445
16.639926678778
16.0402835721721
15.2120481907486
14.7919607452583
13.6234466121351
13.9326778185814
13.0015179329202
12.2385305028643
12.6644024700921
12.9171379062224
13.631906196067
13.9437709134034
13.8957918723626
14.1685478535782
13.2003077040443
13.2643584056321
13.3786149328433
13.8672373139374
13.8322753478488
13.8873101302862
13.0372639823453
13.3791317593873
12.1687982997903
12.2931252346707
12.5462744985056
13.4436125759239
14.0234277493823
14.6656578958915
13.5225467015532
14.5305350189401
14.2493305710053
15.9178165507744
15.4853329321868
14.7335916997183
15.1789872906108
15.1652623104637
15.9560077365837
15.6479587185613
15.0454703939175
15.5205456644548
15.3562542856484
16.0324447772801
16.4326021908806
16.2820856520964
16.3868530678841
16.6134339642508
15.8674800495525
15.4946677454265
15.6765240551093
16.8418446344962
17.3453184120937
17.6471371432031
18.2260491885151
18.5086193974074
18.0888907660296
18.8505974693666
18.155889006321
17.5319169137833
17.7228793701724
18.7856096164606
18.4160857161446
19.0735964467897
18.9513314215573
19.2509010434144
18.3350370274842
17.6560725163218
18.8459996273759
18.85395050399
18.8893233873229
17.2548285980904
18.0197106018323
17.9279440766015
18.2083017712588
18.4297652169988
18.669947024405
18.4082141952096
19.5930280865055
19.671071511561
19.5562301175097
20.5741400933961
20.3299948143453
19.4702841938693
18.1414983920581
18.06997270987
17.6868156818599
17.5431981858973
17.5837795089917
18.9472299477862
19.3478409965773
19.2152977335718
20.013156047193
19.8107723915875
20.1330034851357
20.86026386213
20.7931969684458
19.5819820402335
19.2621803094481
20.4331779975615
20.2904124996424
21.0011832531129
21.2727957946229
21.3084981515669
19.6392204355988
20.0844646399291
19.6940408256601
19.4517849936899
19.1064827717541
20.2449675776628
19.4802573013223
17.7700418222665
18.1085792006373
18.587647530115
18.4620964678162
18.3096517830886
19.3333478452567
17.956556078244
17.2677280386251
17.7282782673415
17.9656997848326
18.7784270682342
18.2627007688892
17.241806218705
17.8251492353191
18.9602903156061
18.9169701644843
20.10215842298
21.0923748905879
21.4016106299346
21.6649516077133
20.8558211107333
22.2617962906551
22.4628468091745
22.3657717551836
21.8922275176667
20.1267667173793
19.9145252384207
19.2515970340929
19.2785250117896
20.2471256683649
20.8489961870201
19.6818065154677
19.7580259295903
19.0965418831789
17.9958384573728
17.2550732714788
16.3668801281623
15.7266562908036
16.573163571999
15.4433967593638
15.6714649249251
15.6917345439034
15.6014990693815
15.5864407587799
15.3487026019765
15.2760452768566
16.3199655995954
17.2969550580922
17.5703436927081
17.2858783605437
18.0441520068223
17.1369969288966
17.0928919770003
17.2149089697136
17.6779441928861
17.4319952355487
18.9294318741825
18.3602826231316
17.6976663543875
19.188106909463
19.5353366435
19.2454852559355
18.6468101700079
18.9426148583881
19.0849174721226
18.2301710425864
18.1549348876534
18.5130570994155
18.7928226627323
18.0324792741041
19.2732338013856
18.5849786488804
18.7002101437824
19.3796023096952
19.421641119223
20.3436980642089
22.0522543335987
22.7494749654087
23.365720708151
22.7075210064069
23.7700870252621
23.7328407981117
23.9819741187715
24.0452462008289
23.9240609253139
25.2310842912341
26.5169351068303
25.9721002142086
25.6944453669344
25.6841404272216
24.89949517569
25.2792196339001
25.6440206841479
26.4911227130163
25.9505548278838
26.5754979778762
27.1449446729636
27.0413542331595
26.2328036463696
26.0619421074178
27.1057894965409
27.551778359073
27.9163765493605
26.0805644482747
26.0803219991752
26.458665930401
25.7301289268787
25.4187556365263
25.6082573425861
25.7016680571454
26.2970637152308
26.2036322949982
26.1635758656303
26.8377839589046
26.8625259681755
26.0412204994308
25.4648945175672
25.9438652583948
26.4188177838359
26.8515851388506
27.1816656167266
27.8863088627356
27.5979008805145
28.4737651868025
27.6158310544303
28.0879967887447
27.826621142732
28.2624303534149
28.1776729259998
27.8619390973138
27.8816833837887
28.0674160185443
28.0533934799235
27.9185300108199
27.3444476552849
28.0910563336434
28.1092765349557
28.2635577618554
29.099550025883
30.1640340465631
31.133093736334
30.916796181518
31.3232049262127
32.3477337374329
31.5010624152367
30.6251976335831
30.690965820045
30.3042565549976
31.6694989171027
32.4493767574028
30.7435297111729
29.6775728808741
30.1985313186874
30.4302675143777
31.7705836695999
31.8924614271111
33.0437531927515
31.7895320367316
31.1025540917415
31.1951996856287
30.8736632008746
30.3528548082245
29.5922812951717
29.2395099208763
28.243036688489
27.8069042382455
28.3735773046082
27.8769848013473
28.447864252249
28.6446856640679
28.8847016224273
27.5147159588617
26.2926526521815
26.3717935117158
27.4685326987209
28.0556017244297
27.9724290009649
28.7653026408047
28.6682895747798
28.6506731306592
29.6067259322104
28.8429444220472
28.7392670190453
28.1807786996786
27.8255715161616
26.7854658546499
26.851323720534
27.4610885961558
27.3950311609435
27.1959904708137
27.5731784692534
28.4156672835998
29.0290220164495
29.52333431466
30.405426951258
29.767751441624
29.7158691374687
30.2998251721951
29.9117462892154
30.3533672854178
30.3950663292088
31.0375983346789
29.8569652371204
30.0546197948338
30.6892383179689
31.02556709174
31.9244451629582
31.8647351582285
31.7804241352799
32.3093973767039
32.1790999270467
33.0694075795778
34.3728051529705
34.0001437745605
33.2985861492318
34.120746919689
34.5613040564013
35.0025340690401
34.378151340422
34.4696778557639
35.1265100122619
34.8808389730261
35.0817786594842
33.6027336310809
34.3408697490533
33.4478076898111
32.4312370739174
33.2423122840763
33.695020094492
33.3203407306388
33.0411404279833
33.5945531392717
34.2709373620415
34.2243232790926
33.7868378445245
33.5206247148046
33.7816326563945
33.6495257914821
33.0075917859951
32.4110053140838
32.3837559552921
32.3640099745075
32.0346867426556
31.9069736117167
32.0140873586547
32.3193998762234
33.3651517390047
34.9628142146152
35.2790650109717
34.7005373380941
35.1472824606358
34.4002562678829
35.3309317340179
34.7803190091719
34.9610020273038
36.1695683469067
36.5994279483767
36.5951033486537
36.9861656229454
38.0182235498865
37.459335049831
37.8348192376252
38.6645425342678
38.3113399117617
38.6301877038762
38.5681247767873
38.6219257844747
39.3022924986629
39.1894403246374
39.0749383683885
38.8149445726658
38.2638429213608
36.8742578075694
36.4054643565394
37.4659391806668
37.4071911323163
36.5838306526105
36.2052773156473
35.3119068623785
34.347459155575
34.9226967384055
34.724601460901
35.1389914019198
34.7285314038469
33.8023370057122
33.4153817133964
32.9009546912088
32.2984279887671
32.2743163265656
32.8894746682449
32.9038718188548
31.6109169077841
32.7966782466384
33.5300585646041
35.0434975880902
34.8772714396783
36.1733189796125
36.306030957795
36.0553064251523
35.5138302473243
34.5740841794498
35.2153009216955
36.0189005643029
36.7280123575994
37.1593342207071
37.3265196139382
37.4745305125802
38.7212807865495
38.4239673461731
37.9808086631165
38.225938572951
37.8394907706556
37.0183741277536
36.4363202085442
36.7396558682142
37.9266443410124
38.8973667812736
38.1826004811028
38.2793977235869
39.54918079166
40.4245297085049
41.0090618218628
41.1252900060516
41.882432166018
42.5531918530162
42.4137960243803
41.8937120591695
41.6936959314326
40.7687804676414
41.307361768699
41.2242951388972
39.7312217084035
39.0214842647308
39.2501258449558
39.8801117582419
40.1014369156215
39.3638310073984
38.8726696261118
40.7952956472477
41.6876925754712
41.8750194546539
41.7902900366433
41.7409816928188
42.2237822919882
42.06907721331
41.7078760410099
41.5175330446666
41.5183969202116
42.1150672819426
40.7071944507057
41.9229942722487
42.0199742376753
42.2656711940207
42.6578627802848
42.2271737270567
41.5019646220008
40.8499071402424
41.1920230767365
41.5766040730714
40.7946794955002
40.7195923273615
39.7682764906747
39.9976864544678
39.6587394763484
39.1351378809744
39.2942317477534
39.9975265567978
38.9121539563497
38.5781682202652
39.7781490962758
40.1202359429677
41.7604683118744
40.8588445002172
40.939922562176
40.3458390467557
41.082958394317
41.9121798523177
42.1866185655293
43.2307055259807
43.8249420684544
42.8950014145575
42.7107792829583
43.3410253486777
41.8680659818805
42.0550986100113
41.7612900957966
41.4769225256939
40.7590697286249
40.9761543290855
41.131864072795
41.4884968588418
41.707167096991
41.9725432688222
42.2889624616986
41.8621729644942
42.4916946020378
43.1667499216944
43.1983758180242
43.0074000134853
43.037802894803
43.6343979662124
43.2872302608083
43.7969603646944
44.2254792475274
42.9084059395142
42.458485233009
41.6425601367654
42.3571974319099
41.6773237328636
41.3915121033306
41.2264086892691
41.9627230442231
42.287915340183
42.2145443417789
41.7472431410941
42.0494353762254
41.9651686055238
40.3143114832944
40.9004096293634
41.1842524604374
40.8877326538267
40.9705213548261
40.4805945939304
41.7478409726585
41.8034533491254
42.6646967959264
43.5055467835531
43.03759483315
42.5839038955975
42.7403184014069
42.4823916631223
43.1711107879251
43.2628461728256
43.5697152976832
42.434609819582
41.993749458847
42.1521123828259
42.4084519475023
41.7837673871187
41.7844024932815
41.5339320581112
42.0282429044004
42.1996078333311
42.1973096917322
42.8773426647931
42.7577000991572
42.7953327070633
42.788964991091
42.866826788893
43.1551020259514
43.6960505467906
43.8783805323284
44.0051798028684
43.9190294257316
44.6003637544522
44.9548622586192
44.7367823095501
44.950591875408
44.4512563371502
44.1883194308428
42.6838657369552
42.1827740640371
42.4582013576297
43.8161147210524
42.5104554025382
42.5937824266386
42.0982197098395
41.9481650522739
42.409689818986
41.7604383398464
41.1468577189152
41.1100775034397
40.135777989232
39.095756339458
38.8345901045299
38.5796067211651
37.5553775269114
36.8390022505967
36.8593683597561
35.9765041715852
36.829409782966
35.5124299129533
34.8711291599161
35.0165176933492
34.3296131245892
34.1787002482819
33.6348735678819
34.0380646449859
34.3103240929754
34.8025414894056
35.0192951495276
36.3245556285517
36.2648148139435
36.3782788119063
35.3962168652701
35.1682326605637
35.7576141878396
35.7950728984163
36.8610003128333
38.114995254273
37.6014240413673
36.3149902524277
37.0191701815894
38.1839408503675
38.8166922820032
38.666840753207
38.7848450826571
39.0514541262364
39.3650896910588
39.5881347789791
39.1778630612987
38.800041221709
38.9821642883266
38.5191547760592
38.8333851417722
39.1013107556319
38.7660761537129
38.6198967237943
38.6231783156433
39.9057454571574
39.4037046528657
39.0304421289021
40.0689204443506
39.07865773769
39.7872170316298
38.7834385022131
39.0659518268527
39.0729427119521
38.8347839089844
38.2223669248909
38.4394273511581
37.2442236757894
37.2992464349999
36.9765549376857
37.7191501331115
38.6608617114851
38.1857497234253
38.0137141312199
38.0835291299874
38.7547110063385
39.5589637775007
40.3575088806657
40.1271509190082
40.4932907497545
41.0594378738895
42.08325402691
41.5059059874768
42.8633133500581
43.2982815823304
43.9370795893519
43.2392535295879
42.9220124592121
42.8606903015873
42.3612840132467
41.9821893249469
41.2521814125986
41.3132996196324
42.0739290383957
41.6854856607398
40.5056194187735
40.8042700663915
41.1082754795554
41.4229886720111
41.8016725033533
39.8996937389452
41.0771311036183
41.3515540659173
41.5825740203468
40.8150559372419
41.079744807879
40.5864768578511
40.7036976093255
40.6009265208142
40.5930623878913
41.0069617038309
40.9553151028275
40.6232756739206
40.084031704477
39.8846922482733
39.5572291638603
40.1581200800531
40.2040118096646
39.8734983430489
40.1252327358621
39.7807907678932
40.9786310921391
40.17499798494
40.0574568228616
40.6875383166593
40.2710259200156
40.126254016247
40.3703186898345
39.712493562313
40.3279811246741
39.2794991521418
39.1156907986287
38.0532613619749
37.5109068464841
38.9561685318244
38.7738988489577
40.0214716099534
39.8518762729238
39.4850874274699
39.1344230032433
39.5644831935949
38.954853886656
39.4928388532789
39.0062626620323
40.0842218224379
39.5527417591299
38.4679234612046
39.3954923652967
39.8247507991276
39.1999600184473
38.4268911389749
38.4109654516274
38.8389575817619
38.666989673528
38.6475531375145
38.723587479638
39.0448465376142
38.2854382187896
39.8409247983626
38.9827669628919
38.1065483982979
37.9426202543917
37.8708036622544
37.9826705869581
37.7996457402455
37.7149470562334
37.5646529489612
38.0277307437403
37.9143458737087
37.739164648983
36.6796929217908
35.5521986624352
35.2895581060067
34.6831383559395
33.5528290490559
32.4267216590409
32.8706888310956
32.9245194844112
33.1580939823157
32.1050969737737
31.6781138054113
31.6090637356149
31.1603980140958
31.2379945009225
30.8860672993475
31.7715397879207
32.0913368049089
31.8508147301757
32.1072189327744
31.8342535167263
32.4988321211197
33.1479010632347
32.9065946817063
32.7377717371308
34.3898333777451
34.4284910671138
33.7862191470503
33.9900221926128
34.0080000002836
32.4086311670153
32.6034027788042
33.2964449702783
33.0322363699501
33.8139990166398
33.8804918569632
34.55003069969
34.5152048685413
34.56179904572
34.2252339932523
34.7862015872973
34.5272003899316
35.8169147672269
35.5289594979269
35.1165205516665
34.6085910279752
34.6657749895604
35.2025242101883
36.0864053110706
36.5100971209076
35.0651232540392
35.5022778558392
36.4595791518496
36.6464771349877
34.6028652257623
34.8652058473335
34.4634057289966
34.4275094998553
33.8406464286467
33.5020145229545
33.5816043615534
32.7182298438389
32.8085247254151
32.4520353738426
32.7065939093538
31.9145710607798
32.6017282545725
32.6222704696269
30.5840293425033
29.9684936350973
29.8267548181052
30.0377390157843
30.3986122878505
31.3819423420385
30.9723685564047
31.5090553513733
30.5576536463531
30.2918796129643
29.8754038817154
30.0003114350825
29.1906978399686
30.4363233552471
31.0454129106459
30.8389445570302
29.9960914450921
29.4103222887896
29.3399377853356
27.7449583278629
27.3652699965486
28.0631971167947
28.7888566680132
28.6365661375771
28.7970189243208
28.2097998803541
27.7297898460747
27.4487744951306
27.9125683088746
28.3120747831789
28.0172229448024
28.6760491753208
26.9599184126026
26.7422208048112
27.5661558878444
28.5408185727848
29.0737171580376
29.1519829158826
29.268307894931
28.9402134172616
28.2008759035677
27.8047136698923
27.7005734558912
26.7813954903618
26.6168872253545
27.8880349499437
27.2330416180885
26.393722608468
25.9932873581835
26.6307893136617
26.0934600746038
26.9950724084432
26.1815497778378
25.9722906982497
25.5734489968156
25.206276561745
24.8389217798649
22.8865615631076
22.0460655861524
22.4654550584843
23.4678393299113
22.8392858578519
22.5577786195074
21.5228501120446
21.1049185159152
21.3247965823988
20.8183028344978
20.9772058902383
20.8964758476194
19.8567065331173
19.2243150260798
18.0897188106938
17.3772633790163
18.3736971545221
17.8755835834857
17.45348406421
16.836152100298
17.3017754780479
17.7235998744555
18.5365119637663
19.1611507696889
18.8571992979313
19.2110956657585
19.4711733551086
20.4575690565906
20.6013376596817
20.7932204300873
20.4407395618706
20.5101349787588
21.1057208149773
22.0410865851872
22.5272216208105
22.8543829115031
23.2039906481539
23.2938667784464
23.029833948077
23.0683634295304
22.2985259011681
22.0540897887477
22.4578765480961
22.8391248846203
22.5471933823991
22.6384066901929
22.30426985595
21.5852502470438
21.2938205987505
19.949649516215
19.4811796483805
19.3173601715173
18.921548597317
18.9797223697311
18.4658001467011
19.2955976836222
19.3075893385651
18.7789672788776
18.2232737645915
17.4237823062665
16.7526092804824
17.2686484194054
16.728157039466
15.3511364277952
15.8345260374697
16.2068315449053
16.9575401817525
16.7179035652148
17.1554024459172
17.1961939488232
15.7582895936025
16.4190404410605
15.8449544675737
17.3557855197727
18.1477608246126
18.9567393528568
20.2067853611236
20.3310167121841
20.0416335018947
18.9847035702533
19.3454076433497
18.8878623155614
19.7461380180564
19.7769464354834
19.6091288526387
20.239207270703
19.8167084857547
21.4747527570504
21.273053373275
21.32683672209
20.8824120728514
21.0728276499881
21.6463679919484
20.6813437375808
20.6637726172278
21.0385548500306
20.3870075119681
21.0844451178205
20.9114693323111
21.5586296588769
21.8605919983997
21.0132926488824
21.7066330027386
21.4708297841223
22.5522131088827
22.0345288947009
22.9284223538244
22.2319050953556
22.5848535204169
23.4769380368362
23.2107251889352
23.2325243095006
22.5710019395389
23.2137697017736
23.708267766118
23.2768004289186
23.4151665896593
24.5835560805281
24.538208311838
23.9103372476139
24.5012800469875
24.6136808480565
23.960437959289
23.9598846192305
22.9889008079956
22.5538417590696
22.0708808141793
22.040371730325
20.1517100435085
20.5829721527221
21.036565386
20.3109671908909
20.26712038966
20.0956150485497
19.2977892114868
19.2248572385108
20.2728594667436
19.456469615525
19.9203719487951
20.222362143629
18.9514445661633
18.0528382983733
18.6261133959338
18.1446497006484
17.3541340110569
18.3682591820259
18.1146499464463
18.274005362365
18.1386098235982
18.8002955838946
18.9584138840187
19.0189453865508
19.5368587716512
20.0737618340806
20.2746382428589
20.9558811587584
21.3262059227966
21.6320327932061
21.3336712002128
21.9053937313552
21.6371108388454
21.1059826833022
21.1265279012214
21.1338648227498
20.5593390865894
20.1406569355794
19.7817692166159
19.1087998857788
19.0358044744814
18.1209689311645
17.240540723133
16.2853454071887
16.292757218884
16.3494627248614
16.2701142606522
16.0096507747628
17.4861169592128
16.8610763149661
17.4217910813255
17.3567994442888
17.1496773558045
16.2555489462146
16.1512729452215
16.5507168879587
15.6547888911053
15.0864235769298
15.1560606892087
15.7352954639726
15.2987248200542
15.2107560277456
15.2839912746776
15.1444034595238
15.6894527605084
16.6689730599485
16.8002998408978
17.0504545340372
16.8803296838746
17.4334803777919
17.779751507132
17.8876101696046
18.7963368475718
19.0248525574573
18.767390496995
18.4578674299848
18.3473978138966
18.2205181661102
18.3279338003643
18.8431176242109
19.0850307610687
19.544518880412
19.3652232644477
19.3185235602485
19.8480262482198
19.075935820033
19.7372549541062
21.2310270649439
20.9693959563765
21.5881611419823
22.1888827436663
22.243058538557
21.8212297226269
20.9510938689217
21.2292285956919
21.2275722951026
20.5717651015952
19.5415388705804
18.9889015826229
19.5288841013963
18.8828254826449
18.7894177304489
19.1451445829885
17.6209662658596
17.7921361344007
17.8111502132192
16.6335888658407
16.1244639460046
15.8047676254202
15.3646565669598
15.0089171400571
14.9380590475778
15.4537827921079
15.3666707100469
14.988469107383
15.4050732249058
16.0346228130855
15.9382713694384
16.4785184750849
16.4580733862873
16.2840596495481
15.6999161473592
14.9760330455814
15.4535909991722
15.8083583468147
14.947148700628
13.6573575469345
14.0253460949725
13.126032040912
14.1392510504643
15.2975934202155
16.1568619652951
15.356305045665
14.4746245494662
14.4564514231844
14.5534970393991
14.462478598485
14.4030622393653
14.0349281182496
15.0840010628838
14.7132292599314
14.8982546822926
14.6457500926957
14.1301666164392
13.7128657556516
12.5523886107917
12.4842287379936
12.561076984303
12.8188181595396
13.6431640045731
12.5905448961896
12.2341676829078
11.1921750429386
11.370433933327
12.815318591911
13.3617506723532
13.1223249190262
13.938338014603
13.8346095427635
14.0302190460586
13.9797227090818
14.0901657458456
14.5772690108405
13.7766334832015
15.0317878706716
14.8039245303629
15.0516419818149
16.3956726193465
16.3434092743769
15.9558948049197
17.2478644284472
16.6136926778947
16.6926264136688
16.3965356675913
16.3593528183883
16.2311916985442
15.5790547363141
14.66156425448
15.1374212176706
15.5724930132651
14.9019546439783
13.9576022820862
13.9349577222842
14.5254825027755
14.1218643986428
13.7172620335132
13.0642590090092
13.5580800033895
14.311929875165
15.0984017371024
14.6534206421411
14.3084691040353
14.3590194404907
15.0043847033151
15.327992617713
14.9939336933347
15.3957546265021
15.5950363281689
15.9198051117596
14.9676617512236
14.9239440136482
15.0289892293933
14.4213932466342
14.709155664881
15.2793706856228
14.763374941471
14.8926072364386
14.1780768860658
14.3816142162159
14.3266583601019
14.9047060835177
14.4247485928213
14.9591938512979
14.6927195780752
14.667336649697
14.8846692455127
15.7216614513657
15.4640977071942
15.9090075594178
14.9508612750262
14.3206702011958
14.3011680913094
14.5536873882256
14.8173289763419
14.114963623696
13.8991212391955
14.0391576530271
13.2928395401695
13.6615373402038
13.7492182604768
13.9637822395389
14.2654522100198
13.7235937823548
14.1146370780687
14.4121514585224
15.3267639578598
13.5872923092939
14.0662505605907
12.5686908169782
11.7592038517287
11.4835724193562
11.2017179838599
10.904729378555
10.1853058815446
9.34533822446511
9.43581401292002
8.41760508902107
8.68888658344582
8.54003229072784
8.88389727702306
8.88462516870067
7.77372429575722
7.48885211469998
7.8156212912826
8.07540159953326
8.70976848652465
9.14312201256414
8.53970394436015
8.24215440645405
9.03249879131816
9.23997265906833
9.36446772747271
10.2589608265112
10.564472063302
10.1582886220112
11.102318421212
12.6060665529917
12.610434696215
13.333025084964
12.7714295119026
11.8337063921242
11.7019131995785
10.7480945091093
11.9918376842285
12.361978179809
11.789217385139
13.0924742119857
12.8269806379912
12.8535315560836
12.7540297229804
12.769871901375
13.0686439038224
12.3685560837401
12.5743088045182
11.7641424287244
11.4420168172222
11.3959406173872
10.343495899046
10.3342078825613
10.9123083230959
11.1503170202481
10.6837920690739
11.1243443251961
10.8551345337122
11.7788764534731
11.825024618643
11.7242717842389
12.361790451881
12.5643162788218
12.194380677338
13.0175832137117
12.2934076326059
11.7315095053351
11.4197072376641
11.558980490764
11.5123230507395
11.7300980822691
12.1594303899914
11.9657001328635
13.2820748512152
11.8760937842197
11.0866590692969
11.5651742281608
11.6560625293898
11.8046237173701
12.0987874327614
11.7789791633991
11.3846663087732
11.3932220110195
11.127567011805
11.3837689292325
10.5328249690948
9.59268247236532
10.2392288779142
8.83041714085807
7.790570136257
8.01339196303131
8.02680988960767
7.93019388021516
8.43811656681922
8.07162710153305
8.4367466037318
7.8185933341321
8.97726353243559
9.73316479895569
10.4048483966521
10.802333801277
11.6119117467725
12.0004965135298
12.4163901507112
10.7524233486565
10.3679565094833
11.0053861527277
10.9131739699617
10.9301928289024
11.2520595705444
11.2000723167362
10.7519541189539
10.0515886982564
8.63923880599646
8.51900017624775
8.83286257077408
8.45795470771107
8.80630844817266
9.29846902741932
9.54797238010085
8.10093301295439
7.96665227582717
8.13014603048705
8.19640908607761
8.59640776908447
8.47630728411635
8.85681467341807
8.37091357540172
8.79029416461967
8.76871931933867
8.63060862998659
10.2494623074789
9.82591273853052
11.2651373891852
11.5783820559422
11.6978360467702
12.0117058318509
11.1092376961512
12.278672014196
13.6658803500572
13.582665474424
12.9774894617982
12.2549806331973
11.8258148840399
11.392234850487
11.5960517233006
11.326893092589
9.00042838370063
8.34557049444015
8.07422919128625
8.65529546924619
8.21599772237538
7.50212274891127
8.31425174685207
8.92197951532102
8.02060959496585
8.11320005835981
6.86471161220889
7.40919895813066
6.12833534541209
5.62895941254956
6.10068310698255
5.38897914904138
5.66689329727744
6.12245589875269
5.68152313130654
5.86521320537627
6.27626583674003
5.91609859881303
6.05283960932967
5.31254093262968
5.51204296928099
4.92524588809019
4.98576184661697
4.75544572549102
4.19205604636587
5.32823729044742
5.45588053233257
6.40895335961371
6.29664948909967
5.7530922265357
5.46467621697145
5.51081761410733
6.90412269532633
6.72134320509102
7.46970935721876
7.20883921265977
7.83687220520507
7.22071871253551
7.69762706719994
7.74688416716943
7.13096856318276
7.76469347871016
7.62408985740477
7.07336320913567
6.14010168448155
7.49883555488472
8.50292491119253
8.48623252247588
9.57982888077955
9.78688096807772
9.12490921841253
9.4270951965691
9.21310664363783
9.79071364893318
9.56081679053399
10.3026871301727
10.8677311185966
10.7045991226768
11.1175487436179
9.94412749220914
9.54021319428144
9.86801028233271
9.33493530359387
7.80520015500123
7.60113839686064
7.41493129747363
7.02999652947497
5.95121307935472
6.22254162926092
6.8990711241215
7.17365260720584
7.57596193798329
8.32190664972602
8.44072495953159
8.98425691027487
8.96418610209016
8.05719325682845
7.95766450718966
7.86882927020695
9.26461488376781
8.84261087752048
9.2371136332321
9.06123258079564
8.60400577118767
8.47702904858675
9.30421944652874
9.3085188287079
8.59378157951406
9.13212320373992
9.32717657451286
9.53637571140701
9.69828091222802
9.89644828481104
9.70142936402327
10.0247438612199
9.28450098100952
10.086965501133
9.79646110355503
9.8670165163323
10.7231657625432
10.049536933414
10.0694313609326
10.4336855623407
10.8063346105109
10.5789844105358
9.92703411283074
10.3117416565618
9.72052017051367
9.71251186078687
9.85085396737748
9.97306031747532
10.0817796396102
10.2580878021013
10.4051202644278
10.7961940820139
9.90111715542008
10.2601624471088
11.1008771600013
10.8045673670946
10.6785839625076
9.35686679084373
8.14582989148811
9.03449699860068
9.36452400330287
9.76821087194748
10.3343258794425
10.1769818858219
11.0600364775861
11.7487400932161
11.3865786760891
11.5783857057985
11.8861354538125
10.9884819202677
11.0528566004853
11.3059889490332
10.7704040903378
11.0482534917562
10.8127243763161
11.149406565915
10.6335578885293
10.3229358482427
9.6793052734793
9.75077430222202
8.67471442610657
8.77990565019596
8.34740344653697
7.89574463679542
7.24947619500752
7.45612733120285
8.08756121506252
7.89074815023953
7.2542796454343
8.06884978248547
7.21775695868969
7.19118996159363
7.05398264586708
7.49034335569435
7.45735755999437
8.02728317991412
8.89066390491021
9.27197689439661
8.7755179363013
9.34321345268181
9.25715209697737
9.21506377493246
9.23304383327452
9.85421913565164
11.2415947213166
11.6103453282393
11.3192998396033
11.3960790077496
11.5649379402193
12.3730673965237
12.1051745160074
12.3391114642372
11.9832578684023
11.8896244646658
12.1943000581868
11.0091307370875
11.6148362298829
11.4744160411466
11.2335425604989
10.3693255391211
10.4315488266457
11.003769411054
11.7569096767263
10.6819237853356
10.5292077953579
10.3270495263312
10.6238284538544
11.4138325775785
10.9640101287099
11.3462472581043
10.6506265168451
10.1359691798835
11.084195371671
10.8805840805951
9.67218164239752
9.62053790806423
9.77858715405787
8.93043499161379
10.3649045595153
10.4530189477713
10.1744914018641
9.48121637331189
8.91789531982496
9.45813886217284
9.20933177080793
10.2746039140311
9.4700622875356
9.37297186797946
8.32025569152339
8.10543316468079
8.9327074703012
8.77244434583703
9.31989686050926
9.90941625967913
10.2135892126354
9.96450223045581
10.2119382127023
10.8518262420918
10.670260231794
10.810351063457
9.80387496350949
9.87823093324351
9.89401137533378
10.9501177494012
10.8913100110072
11.5491443499555
11.7888194790566
12.6651679585993
12.8401680937152
12.2582469785775
11.9237011382374
11.5313727028415
12.5120966063364
12.0458438400718
11.0898434495444
10.7269399409408
9.39167582963384
9.72358350313717
10.7428073500238
11.4876739530855
12.6697763012878
12.3764504165739
12.7947597477052
11.9781966950209
11.7225102448558
11.6428417076375
11.0327885877802
11.2931452256213
11.2208415903628
11.0273005601497
11.2188057410177
11.3753928888057
11.4824511360684
10.7981694554297
10.8598497280097
10.088843338549
10.3577051863047
8.95389441662333
10.6813248359482
10.8445958123541
9.87953183148102
9.87239124163014
8.32442913333558
8.51012824034045
7.07393467205761
6.8050462068291
6.7251483032909
6.48262847038446
5.94909857469483
6.37799367156378
6.89494017107396
5.86737383250286
5.80760424537512
5.07517481043975
4.60941786416879
5.15543163242504
4.11902218056208
4.51428364645393
4.11078431779831
4.16081801841968
5.03688786062499
5.11511779925502
4.62004889748833
5.19026956505907
4.7773417504065
5.65917748498887
6.39231449747255
6.66459384328878
6.84621459235689
6.66841280461927
5.52058744257236
6.3369005081231
6.383349701177
5.89343841905633
5.58020496122615
4.95390311805152
4.97020072638544
4.46000451541406
2.7110134745786
2.60303027222661
1.45699014802557
1.31373590431398
0.742958239844057
1.12821961859872
1.13150726509981
2.03330097255501
1.9592654304053
0.847309729637514
0.846211578309222
1.50359673472148
1.4028304857331
1.7426048002434
1.71090421726477
1.90957946433546
2.20948783940428
2.01674554658061
1.47107406328183
0.475032639459373
0.0536651136057473
0.408970524209016
1.5990065816264
1.68270245353004
0.717516295052762
1.10813898514848
0.375751942019048
0.278123569190566
0.532542372684034
0.862699285181542
0.988590129949911
0.78276006279673
0.289040275905382
0.909823401349873
0.513842983841499
-0.387961146896878
-0.309730797430936
-0.674124611806024
-0.611213361188791
0.10088823861035
0.153002174668503
0.243828865725889
-0.165560960087536
0.358710418571369
0.336699945908357
1.34174685967049
1.15402758654403
1.99125916227656
1.22966178609627
0.692875432721196
0.899238967112669
-0.0242129098262927
0.749412210922807
0.641060526274848
0.433982236546241
0.72423670265659
0.454877416672466
0.809257788232036
1.08716542439664
1.46264858909008
1.89399504921864
1.27645996326154
2.23485114328873
2.28422115247858
2.08715242961289
2.17948983677044
1.19137936577649
1.03549540487431
0.704208375122639
2.27602750081416
3.36631318338769
3.6139966464988
3.36154820774357
3.84044594676865
3.7546249606131
3.97147691894002
3.18410325766299
4.75002424944614
5.67800509283167
5.79974897905034
5.7721561690903
5.21772798837818
5.20273699867289
5.11006961309511
5.1366684603909
5.43720347328437
5.76703173907792
7.02100434244936
7.24902040896442
7.4217074422281
7.15555025293846
7.27099396894214
6.65021198043478
6.27377274486186
6.85738404996224
6.53770217583426
6.57164113848266
6.33822514860461
6.4114938143435
5.9941400559938
6.58838321718313
6.73821457991202
6.84616519857076
6.19288869403778
6.52150742757042
6.32283594835172
7.7569773169607
9.02713020282416
9.18459627342536
8.50844944085125
8.99761870678563
9.35272299943935
8.96345561390376
9.91524070522231
9.63159745616832
9.02289532414768
9.61668755311849
9.77174163301743
8.93198775828723
8.52717088242421
8.09624740294025
7.50049036434687
8.01966428018663
7.98241943606857
9.36600550390107
9.7511118475487
10.5861121983778
11.2473628770765
11.1695258433333
11.3117586986224
12.2294350711233
12.3349557164977
11.9803508403102
12.3459741871098
12.3127065363334
12.6666502280678
13.1013942400744
13.8806200159783
13.8310998714807
13.6770107407907
14.6636196369525
14.9026020559388
14.509067802658
14.4099067301201
14.1818095948462
13.8349721298824
12.8021093276695
13.4272858269805
12.3723896599111
12.8154634222239
11.7216674200522
10.4858426225594
9.89720001480251
10.1562459370403
10.8849362973774
11.4857782501954
10.5317213133526
10.9172371632194
10.9677647841571
11.1488496994602
10.3942612540126
9.69256809407394
10.5292140002803
10.6277849270997
11.1280969829139
11.1382630407931
10.9786096402244
9.44682655180368
10.242390311522
11.4591096340002
12.4889296789076
12.6755742781568
13.6309428338006
14.2337068213609
14.4855621878958
15.1235043609107
15.0903688500974
13.8783101962003
14.4591794242183
15.0400090662364
15.7291245743758
14.6864403981906
14.2094122014804
14.1076378422963
15.2790482867416
14.8920970817028
14.3538006914017
15.8442864550404
15.8478496135029
15.8689719471629
15.3706810500992
15.9559236839152
16.8557069681461
16.1059919844122
16.1937178296805
16.6962679381574
17.4118783741326
17.0826032516844
15.446421092706
15.3194723318108
15.5275594336054
16.0313400298509
15.0873267020052
14.7378240313512
14.4949459802239
14.1652715008374
14.8540765811302
14.0154008915928
13.598499008231
12.842894659987
11.901999118406
12.58149878365
12.2025754761066
12.4131484469798
11.7600711315226
12.5484991381249
11.2259898395006
11.370599835805
11.0419028835205
11.4653876696788
10.7666814079945
11.4595551244551
10.9180831510412
10.2063080582092
10.7099357076457
11.3898806348018
11.6321968897097
11.3370534593335
11.2012248976456
11.0887316727139
10.1522857907831
10.2162906864587
10.2991570109977
9.86889692900165
9.14248884728812
9.88225844886061
9.57842950770124
10.6145501510968
10.4025720093166
10.4951274222365
10.9684506405019
11.5517894689834
12.300264293945
12.4466277867985
12.8593918429169
13.7649527335578
13.9838193370146
14.938707594664
15.1229802979165
14.5286787872271
14.8761028370214
13.9226624052688
14.2404244723127
13.4700065182096
13.2582290210098
13.6815078026798
13.203235021787
12.2781247279005
12.2094422671397
11.8277412410256
12.5449365966598
11.8455490393455
10.9537733740487
10.4691023681821
11.3718432845335
11.9135117589748
11.4410894654198
10.4609311839924
10.7003396456426
9.7761668560167
9.67810730919106
9.24502466669325
8.98982141196105
9.23831470068219
9.61635115308408
9.79458872409638
8.76461893001002
9.16802277229561
8.9255123790852
9.62414511136452
9.86480447856188
9.58243143797516
10.8753554794946
11.1565425745741
10.4928231860816
10.4529471865249
9.81361939505245
8.945992745461
9.08718304571116
9.23922694209452
9.74381384133006
10.6936718335686
10.9600044747852
10.9600461948413
11.0105992769377
11.5535262975876
10.9357837182333
10.3644533476899
9.7165809350743
10.2949899841284
10.7246380865981
9.69177540076063
10.1443423335978
9.40676059003342
9.50800870128675
10.1705317515145
9.67024278033646
10.02288493956
9.81789357176938
10.5821353517987
10.9894064136668
11.3548520905073
10.2421714329506
9.95431069874071
8.78044046294619
8.64257563806308
8.49072637143433
8.25635390228309
8.03614435215463
7.83058108313198
7.01927243376285
6.56084031817965
6.19345710370192
6.38371500914423
7.2900005492905
6.90174539877002
5.60298048261894
5.38244863005933
4.75359736005073
5.07222281336241
5.02086929523249
5.33879124947099
6.19757787209509
6.04228516544562
4.69913565415908
4.27884654282072
4.47826351244355
4.41425223256511
4.38901574100853
3.7882198461689
3.44194267865421
3.80849198093866
5.30775589281374
5.92848949295266
7.26910005275155
6.90116200814094
6.313236888777
6.23783076924988
6.80677058122857
7.61075149783616
6.35808921685313
5.97242575740433
4.97208878946063
5.68212632006602
6.79071788979182
7.53522902848735
7.583219264747
6.582941684735
6.28830311041283
5.39814637196973
6.32272392054287
5.53300834031003
5.94353049350898
5.73181405081403
4.83148838102464
4.68258854424545
5.98318807922959
7.05614863052499
5.95243793275419
5.14787715175901
4.52173801886395
5.19741469106149
4.91600149421841
4.82927154902728
5.29477152780391
4.80383597599042
5.04088230488935
5.26282647452462
5.19681850111727
6.08945812210152
5.76531940852322
5.74640439380634
5.16074119099979
4.90074495522783
3.94199801200651
4.10132438857265
5.09099285245945
4.24065716297949
3.64750654533118
3.61712972144794
2.46494587423656
2.06534140846381
1.82669235593077
1.12972199256856
0.989007111570645
1.51544172450013
1.66129114704152
1.47539787999519
1.2721010925855
0.178288526814464
-0.144448333400721
-0.0518804479510733
0.179606975405868
-0.228619567810375
0.424169758141694
1.1813184072382
1.22614653976604
0.422696887014296
-0.23292111563949
-0.0285298902071098
0.251057647695621
0.472075034541019
1.26416924734636
1.24849840696369
0.571700893140938
1.33690793688862
0.782096903251273
0.857553115027536
1.19759791743143
1.11390030180802
1.37101226811843
1.34917377723542
0.635631470202509
0.220356651300416
-0.208141270819934
0.247654475592525
0.976977360070102
-0.160342186927468
-1.04666759649157
-0.943445132756794
-0.322795069638978
-0.760413650113285
-0.762319428448393
-0.653497613835576
-1.6122749021961
-1.21372616519053
-2.27462377683589
-1.52755481326879
-0.820076995952655
-1.60256190852564
-2.37994525292253
-2.00091710181561
-1.81109828646469
-1.88003210223475
-2.39009862325771
-2.31670165045423
-2.42931342507314
-2.39365473620274
-1.57104909861566
-1.84526131867269
-2.35613105044802
-2.68555267260073
-2.86644586099699
-3.27210306124884
-3.05397662317145
-2.1368926120736
-1.27987858615621
-0.979090098095768
-1.13613239317612
-2.04874383743801
-2.67005561984297
-3.42369754473497
-3.46058398082501
-2.22589720096938
-3.11037003690836
-3.85610765974696
-4.00801525382929
-4.24180022158832
-4.59463488121072
-5.22777990723759
-4.66665320992073
-4.54238113447237
-5.50436644106139
-5.68881687949134
-5.61602241023228
-5.10112935160057
-6.02026455285732
-4.93773953838452
-5.95248697265098
-5.97013258498881
-6.51104905408504
-7.02357316300932
-7.47859240918899
-7.8492772655604
-8.24089843743097
-8.74234242034669
-9.5390187538961
-9.62402532497565
-10.907740037446
-10.3617445103372
-10.6721593442302
-11.3558238176164
-11.8130276608778
-12.8358625417944
-13.9472409255864
-13.6156602866426
-13.7859094765798
-14.2757122674725
-12.9666815918765
-12.7468041579188
-12.067263151285
-11.2688285851329
-11.4453638319532
-11.6501383161792
-11.2518484787188
-10.0343239973555
-9.41415486462292
-8.56682617425312
-8.39086798751082
-7.14478561424315
-7.9854818054073
-7.95446497165603
-8.21336049799055
-7.71372871293705
-7.72764381722139
-7.47522034770512
-6.57582114476214
-6.55220844136605
-7.20126311256427
-6.6061242293578
-7.19918225959015
-7.96962680741317
-8.32641188835569
-8.92931538542431
-8.39974164582526
-8.67064763235977
-8.87424196027999
-8.45905730993566
-9.5154672901751
-9.25397481529236
-9.10812750992004
-9.09723503243939
-8.37475648248454
-7.39046928788227
-6.82900216048412
-5.9542960345919
-5.10295429346661
-5.57939238502538
-5.76630716848521
-5.12970238811257
-4.7683572055757
-4.96324547103284
-4.50457905490645
-4.87873770285683
-5.42885340765349
-5.65824455174007
-5.33429329890239
-5.41228326643648
-4.97970786872224
-4.80203230723281
-4.98224791457449
-5.37252968613036
-5.22629877649735
-5.50456284953714
-6.56141963586835
-6.13572827774755
-6.18332406708682
-6.52485894135817
-6.51612907889854
-6.80707017061582
-6.09201294729225
-6.38748658573927
-6.1082818167024
-5.838463644537
-5.84320973327725
-5.00735090153763
-5.6268986487247
-4.85731640677625
-4.93673234954256
-4.67208480521845
-5.89202082737171
-7.06487124858319
-6.01130997084566
-5.83286929867659
-5.51307868501074
-5.10900604508238
-4.90902443858172
-5.80582827095847
-5.971556662539
-5.76456084996797
-4.88723689708429
-5.77427312796403
-7.322032583553
-8.08170563766172
-8.92302369935404
-8.25665909880074
-8.63254400255259
-9.64785858195686
-9.52114473161911
-9.21633242000776
-9.23017140501295
-8.59826117895844
-8.06350157660523
-8.50612054657273
