0
-0.695706955678135
-1.11703614212871
-1.40788275473501
-1.81176054898762
-2.48597520764387
-0.669147809247792
-1.03552220041755
-1.54934637000816
-2.00489365762357
-1.88978522073941
-2.72246076002063
-2.14638612473891
-1.99519077908089
-1.27692191970652
-1.74114817421696
-0.771364787494438
0.61015559155258
0.92471617257264
1.43028149596767
1.13162440851285
1.72538373548238
0.734884980760282
1.68372626263285
2.29480757969074
1.55238059046974
1.40979366893391
1.44899557426821
2.28311969428556
2.50983447981121
1.29941311978416
1.14943723003456
1.60618099965831
1.49334633529461
3.15437560601703
2.93470524943976
2.28483137511392
2.3642894521937
2.23216667256486
1.63839101766565
2.07569091310036
1.58878343848917
2.2024657991611
3.15430516865067
2.76943100675741
2.70563989101393
3.26093460336704
3.0115461915804
2.16649167592799
1.06107019731167
1.936940623236
2.12603386692639
2.07997198804845
2.67453154967309
2.79971910124085
2.62929756539811
1.88335616949239
1.64685892667092
-0.0977982716973085
0.430168608804109
1.23380596615899
0.23962870763452
0.48210788363154
0.239417066102612
-0.231220264088248
-0.203691764735501
0.114150618989134
0.679172122195833
1.01041990977946
0.9821381937133
1.02422120068945
0.397372721402575
-0.519637909156276
-0.237347805662724
0.192002552449653
0.163268114077667
-0.769629176208022
-0.559878578448483
-1.73798182936393
-1.33260824014616
-1.6634137669547
-1.97708941857263
-2.22266793433226
-2.2710187853612
-2.84251382245522
-2.73737559682979
-2.80961209504874
-3.0287156342214
-3.21091125314994
-3.93003480716187
-3.93122818962348
-3.3577843304999
-3.30412800381434
-2.87391296902762
-2.8629539155741
-3.6312654556314
-3.90643070197313
-3.38208762518428
-2.76871863015392
-3.0016666214319
-2.13610602672467
-2.46105896130726
-2.45922675881251
-2.31897381275958
-2.4042883814937
-3.50828865697665
-3.61101211747189
-1.96670266254664
-2.28534641204937
-2.12518384877853
-2.63271895333324
-2.97609084820517
-3.75244054585394
-3.0016239060516
-3.89327541873218
-3.92011604181994
-4.24857235091185
-4.73316259922287
-6.10680343528904
-6.75442446484827
-6.81186279321628
-6.68183079541357
-7.32196679091188
-6.75137077847819
-6.91239083077265
-6.33759842299242
-7.12017422977494
-7.76456550093234
-7.78738065742599
-8.05632894513716
-7.19557027371014
-6.52015444003473
-5.46326266570071
-5.90155879074259
-7.30961265554079
-8.23835645887829
-8.73347933564272
-8.55091703217915
-8.35654885406578
-7.32331775571551
-7.38589110437829
-7.15999611316628
-6.58290810653674
-5.73192385828104
-5.93701734949331
-5.04634328182402
-4.30735082498037
-3.53338514810641
-3.5780126990322
-4.25291212771289
-4.65470926640848
-5.25230692364163
-5.16227574921304
-4.59808980590619
-3.61754496944321
-3.51703387966896
-2.1573005915381
-2.24503361046273
-2.3661873317832
-2.1531710266305
-3.16396813727168
-2.7472020079617
-2.34177101421881
-1.39138407991275
-1.94194712895489
-1.12847447459251
-0.793257389726222
-1.35659049509537
-1.93565871912445
-2.63517568840177
-2.51774579663398
-2.01835874722587
-2.44953340341033
-2.88410915471872
-3.52745226105656
-2.71716140578288
-3.06373364516099
-3.42446784414385
-3.86840249105848
-3.13376582097361
-2.99316923012968
-2.54602082555256
-2.94146902923723
-3.1445943409217
-2.91587441806547
-3.50647354083485
-4.13923598915923
-4.19741886824848
-2.9512748953482
-3.62957323300431
-3.53356359286911
-2.59658076529206
-3.29269165786604
-4.0504039164458
-4.33475040634904
-6.11830998606505
-6.72375605027291
-7.63596340229685
-7.68798550353056
-7.860986326584
-7.99861504656391
-8.12322310549184
-8.35522263107375
-8.18659874693897
-7.03068148402288
-7.20064996195677
-6.95092152668906
-6.41254124395726
-6.37000226416242
-6.54286393024281
-6.02524456535593
-4.85738368968821
-4.32004333987601
-4.53655628295189
-4.96692380677582
-5.6739858050885
-5.68941683974462
-4.79821951088327
-5.92543218751573
-5.30132853459336
-6.19754639461682
-5.22640028725439
-5.43705263170934
-5.15757004618039
-5.36377073852625
-6.39030402012191
-6.49787499619637
-5.82016195261184
-5.35018810464777
-5.24277892969078
-4.34548518265807
-5.15885414950616
-5.51226957735203
-4.76465963262874
-4.78766070359251
-4.58459058105308
-4.53275895050984
-5.38433351612861
-4.49935377849156
-4.62164352860974
-4.74253627630559
-5.22360140663026
-5.12379060756537
-4.14521315375938
-3.97876516349601
-3.72317113616257
-4.3841054376734
-4.432225481425
-4.34197145745931
-4.225077235938
-4.00515092729282
-4.06733850186291
-3.32318409336214
-2.96811739754705
-2.92511609266434
-2.24447664711577
-2.8798030786624
-2.82659221586359
-2.86501537696066
-2.40701660656668
-2.18764218182203
-2.16719711436274
-1.70922073639013
-1.34502912768387
-0.608230251236426
-0.96446148588914
-0.701092006566798
-1.28802651208663
-2.19501813342674
-3.08675600264335
-3.1691466210213
-4.26087396449044
-4.28381267075388
-3.94065177188532
-3.54589214492101
-3.31360001200737
-3.68573303879773
-3.77780038028049
-4.41941164325082
-4.21177424568053
-3.70127870054182
-3.1440522492625
-3.93874692025285
-4.10206554909845
-4.71792642771707
-5.07888302124384
-5.06625771729352
-4.72129949186143
-4.69758179504843
-4.33061524700697
-3.93967027503762
-4.41849891131336
-4.16230211211291
-3.89023070848304
-5.10214942244771
-5.13545062899384
-5.76721394304884
-6.62493401736477
-5.94364350945741
-6.05381357483181
-6.22094279383782
-5.48755845912621
-6.67922125182038
-7.3684226426953
-5.87888094583874
-5.79224283398563
-5.70866873749295
-4.99383691934572
-4.86487530716824
-4.9249338682077
-4.40206934252579
-3.8978845450133
-3.55982989647713
-3.5993620793965
-3.29772721040031
-3.05922245543911
-3.29380605404096
-2.77587950397631
-2.54716944287622
-3.06185574572909
-1.9919135510721
-2.38510404983561
-2.40666988339491
-2.18824601339172
-1.83733330793241
-1.09702641003145
-1.60026015537117
-1.26807697442544
-1.36337839770367
-1.16175865735388
-0.612120659253126
-0.865622401687796
0.250096032133341
0.478155317109945
1.50625186678164
1.55493695433515
1.40355340735063
1.1495003813894
1.22817457975517
0.991392396454836
1.05009273861796
0.403860262550886
0.614159669464446
0.563191656736119
0.670622486591538
0.528177003584005
0.268649911672871
0.414977435450509
0.714401876093442
-0.00256809494761745
0.198529114338409
1.17933568928346
1.00256965801512
1.44329003368528
1.99170962921262
2.36921238025793
1.98327451592268
1.20519234443804
0.334075211286767
0.24320396761832
-0.78527743811575
-0.227162207943204
0.584848165370008
-0.193911448142067
-1.52426680820054
-3.14353683675726
-3.15476796800649
-3.17678919693439
-2.77775938934648
-2.81979663358716
-3.38285170971082
-4.19663820043524
-4.21973450309047
-3.9142225310783
-3.70579313709584
-2.22745219257792
-0.8168585513897
-0.900941807853224
-1.53028100961215
-1.74553098867628
-1.29334346967686
-0.0999472643177641
-0.371212079110336
-0.00982262535890283
-0.758192845910067
0.0670605373366503
-0.420822880551907
-0.874962175655461
-1.30004171659413
-1.97947563669626
-2.60304123366456
-2.51291266467867
-2.99446683121833
-3.41206388841984
-2.71582565252491
-2.87550725434177
-2.23648131825026
-2.19000281502152
-3.17182533309052
-4.27136576351026
-4.01219502958684
-3.47593464518196
-4.65677527739884
-5.20274329734449
-5.1263722138889
-5.04194517236955
-4.75071131775167
-4.30456143017388
-4.12030600931985
-3.55413539382615
-3.84952124643988
-2.56592331446407
-2.4395544286741
-1.69372843642015
-1.99420528505216
-2.06036727574984
-1.58787892054882
-2.16649424788906
-2.22166429791665
-2.46053117398756
-2.59740186379989
-2.61838091393736
-3.4668620111369
-4.86491022880127
-4.71621641179401
-4.7577314790398
-5.01039921843505
-4.98019058464528
-5.54134431738829
-5.85878915922744
-4.77768490305775
-5.41138145862941
-5.96657788875073
-5.59334949865672
-5.73569761590623
-6.19068894790895
-5.20878132956387
-4.43402659460132
-4.67863152339292
-3.74578056662713
-3.44951468697938
-3.4045814031134
-3.80214410791597
-3.99964618246683
-4.07753052695276
-3.48629305854004
-3.33157174375841
-3.28424703966513
-4.5264787915788
-4.49239004806332
-5.03973198121641
-5.42134396284936
-5.19757833716128
-5.33983618716652
-5.08609715498939
-4.79431876543967
-4.7294002767927
-3.98956957319157
-3.97223247949786
-4.18798360156202
-4.59945246094228
-4.0018626212743
-3.65451233062015
-3.88708143191674
-4.97850050164211
-3.92388144916652
-3.44683132002868
-2.36636532759336
-1.87499704655456
-0.663424868138739
-1.60520699199994
-0.933947556479817
-1.81545290015787
-2.88916564995242
-2.55440371019409
-1.62795885352187
-2.29240663025354
-2.6499597043205
-2.59894829720568
-2.29506875503979
-1.94415689660828
-1.34902427299179
-0.177009449469214
0.449504126108801
-0.252011645442936
-0.199593051547914
-0.409845731009475
-0.197830460691372
-0.0467795451474963
-0.351746213975869
-0.873916923452494
-1.86985041726102
-1.91018473751424
-2.81442505111773
-2.40767785716023
-2.90558265762303
-1.93340882327228
-1.96566598577916
-2.68645457820896
-2.71125855510153
-2.11444629495025
-2.36082965188605
-1.85068694557076
-1.63382253959972
-1.93507760154552
-2.09231897953629
-1.965580481208
-2.56672814766395
-3.84279117318317
-3.36643604013828
-3.08945979484539
-3.51471126490223
-3.25336471586957
-2.48782307313604
-3.06828394476115
-2.56650067139558
-2.69697585316851
-2.35006203408454
-2.58282839371363
-2.86884161514514
-5.58901200106748
-6.09295654589717
-6.25571686274395
-7.10589404132138
-7.61295471314529
-8.86710115167519
-9.45743462749169
-8.79143551377436
-8.25270475560743
-8.01273769080496
-8.25214842612288
-8.10541801594968
-7.75760638700599
-7.43341593571976
-8.66500119357186
-9.09676558087138
-9.27014175040182
-9.60524299019417
-9.37158121391295
-9.18432427327163
-9.37698147871673
-9.70098480341917
-10.4823673384777
-10.7567220320467
-11.1574250030707
-10.6010801904827
-11.1436970553575
-11.2811679062849
-11.7268334777513
-11.0179650819097
-11.0989734672815
-10.5937970322771
-10.8035343683591
-10.2630295629754
-10.0174519622767
-9.76035841253656
-9.0372440138418
-8.76816751032256
-8.75535066516688
-8.68026611127624
-8.55940646049724
-8.20292577558584
-8.24938455762638
-7.77295362402621
-7.99064195382262
-7.3888278915981
-6.36997111997096
-6.70832848772148
-6.78849469729892
-6.13081249402943
-5.64294949430598
-6.12171336779804
-6.12617588856729
-6.22159313253926
-5.37002116020714
-6.02731153223298
-5.25827977217035
-6.03097392798958
-5.65421277536913
-4.55785715852433
-4.01853768941053
-4.46828021145783
-5.00144652865264
-4.56402150616615
-3.76243374075408
-3.44437004014194
-3.65378060753837
-4.04110896058471
-5.27418952603733
-5.25983953846908
-4.86834652888515
-4.71430514294354
-4.21813366119488
-4.60514034099976
-3.90801703399511
-3.81701901079919
-3.05261636429142
-2.12448208901617
-2.21421630127279
-1.36152268109009
-1.40534417942441
-1.88828192765829
-1.77365531084405
-1.77931512286498
-1.49550589921873
-0.781804594901867
-0.567112108847211
-1.33777401055225
-0.634353116967691
-0.358667561531482
0.130141089464205
-0.373984129774922
-0.156246417117997
0.580425013015843
0.932293865175545
0.411081236240672
0.407370679567585
0.0276657132656498
0.071225492848157
-0.693857434292831
-1.03493010907929
-0.768792189125981
-1.29748519864655
-1.26180882768179
-1.18529797843985
-2.16681277600913
-2.57209330649306
-3.06153704619862
-3.32941919938605
-3.44927706623937
-3.17055317540561
-2.96994651689215
-3.35309339500995
-4.22454738918691
-3.7063636775808
-3.78697264835933
-4.01981529005925
-3.24198183426764
-4.31164968360899
-2.95756267534548
-3.46806444874101
-3.30997520185972
-2.13706393212723
-1.97261968329372
-0.854733066456458
-1.67099589723022
-1.20318647263801
-1.19367502824442
-1.29665808557458
0.309676874909256
0.288725228262877
0.333841029548852
0.68714031797961
0.823200938824037
1.1069736469931
1.54358149195862
1.08804461067193
1.97703055099832
1.35323505889116
1.40136466795072
0.92197575737495
2.12431774734815
1.3009120697376
0.769387987607976
-0.247046242797732
-0.832866725707487
-0.234067750519039
-0.119797181268901
0.568838359126199
-0.900026754047658
-1.68161400644926
-0.627309671149632
-1.10093250340127
-1.79869175778903
-0.69030136135746
-1.13501456165782
-1.16376040655826
-1.06793281152231
-1.38879694743828
-2.48024571254512
-2.72934311645282
-3.62097620273386
-2.93402845177153
-2.19274124082347
-2.0054450049345
-2.3552936692349
-2.60950984755145
-3.41049758899118
-3.41491304533198
-3.19739950596643
-2.94690797814391
-3.4282899472085
-2.48435243328835
-1.7531637189925
-2.2940050326665
-1.93191185665951
-1.85048037973795
-1.31404932397184
-1.80525279190517
-1.259631585059
-0.695732642456566
-1.89796891230651
-2.19913828101053
-1.96446817399694
-2.21417041796434
-3.7638886702792
-4.18964495499053
-4.34853494361786
-5.95771706978158
-6.15369275110859
-6.74088157033824
-7.1080299200474
-7.00955376701631
-7.81870744610848
-8.13772693926837
-9.61316925848387
-9.49733278443576
-10.7685856341666
-10.7307491429249
-9.44844444594902
-10.0268483405465
-9.66319653689392
-10.8244641181214
-10.7840298176296
-9.82094127831928
-9.59958789345401
-8.96678807369191
-9.23973136697103
-9.54507524724067
-9.08757392547075
-8.06780870152259
-8.49921353544633
-8.63857316257487
-8.40282164329594
-7.76017496053075
-7.13028419405054
-7.49835177452678
-7.04259104485846
-7.51816371218713
-8.39690734134016
-9.66550704639489
-9.83592255630526
-10.1724446245438
-11.317534223849
-10.978935269163
-11.4551200175873
-12.2381044110619
-10.9758377849957
-10.7612447640927
-10.6118270081628
-10.3886307796493
-11.1868207970989
-10.1816110100647
-10.5196047768349
-10.1617226370335
-10.6271305329128
-10.1297533015867
-10.5836614079948
-11.8559957463105
-11.3103450807083
-10.8953892075614
-11.3402578857708
-11.2387267371339
-12.1357687640239
-11.1758345146215
-10.1641593701679
-9.97714101059773
-8.89581122464597
-8.0758592594513
-7.53609950300055
-7.31146355933243
-7.3115997025352
-7.34656560204442
-7.30348990756137
-6.49848144137665
-5.82083504367658
-6.51857866571495
-7.27597567789704
-6.99149851806711
-7.29284875705744
-7.0948588065883
-7.52348695505496
-8.19933415909689
-8.35485315057146
-8.35959581155598
-6.82242521255708
-7.70721872893286
-7.74060598398739
-7.82481055577143
-9.52170851611215
-9.88851483296989
-9.65317373559609
-9.36131780785101
-10.6143415859141
-11.4924989874061
-11.6661267192288
-12.6094263326775
-11.4096620302779
-11.28923336956
-10.6058066234085
-10.9095889519214
-10.5631123998742
-9.88641270896776
-10.8614492904958
-11.0253071854969
-11.3978564773855
-11.5141485484429
-11.253463277609
-11.6422357033935
-10.724746344013
-10.2674006061095
-11.2662793025933
-12.4535606558776
-12.1226409824147
-11.8979852830127
-11.4970658401425
-11.9065411139401
-11.3262596144083
-12.2600465260302
-12.4346299444628
-13.1340659388735
-12.1779912244433
-12.0747039156829
-11.3219296654024
-11.5923930533734
-11.5956306354902
-11.7927842094992
-10.9316980503072
-11.7676728360565
-10.5608848603167
-10.1378505812032
-9.94401962832574
-9.9105121873395
-9.26336341250527
-8.88918730019896
-8.21332699620051
-8.77607729017162
-8.48712696195125
-8.24315915992698
-6.97845147910527
-7.64474017950655
-7.18125616532187
-8.50889624252729
-8.28271820044269
-8.6874963333051
-9.4332204592157
-8.84273232747167
-8.96386595332288
-9.3415299018724
-9.47613770504782
-9.26566329530094
-8.41361584724284
-8.61634620241813
-8.52165033309972
-8.13382890496318
-8.21526478032394
-9.01430092460092
-9.46602804894635
-9.49550166716891
-9.05019468842722
-9.94600778222933
-9.74931040231748
-9.25484968478325
-8.08891904680324
-8.05486726412852
-8.35980402629413
-8.01920704801385
-8.84971715277992
-8.62983222592948
-7.96292421654785
-7.79098068248874
-8.35317428172138
-7.86208109661973
-7.36590390160583
-7.21450890947787
-7.87864558961361
-7.12238226918083
-8.37350543646506
-8.59050916987499
-8.69841201839034
-8.89876448860194
-9.63830288080857
-10.5279620472047
-10.2381174619131
-10.5662500628032
-10.8362410721174
-9.89591453509111
-11.242240486453
-10.986235757792
-10.218615632437
-10.3829041834581
-9.934446024272
-9.95557622144826
-8.47696831452859
-9.08294842187387
-9.54591525764876
-9.02061228441159
-9.81836702540764
-9.28955366987819
-8.68913602923373
-7.36666693968315
-8.14967918698447
-9.24081418806206
-8.72545651107101
-8.17144044424418
-9.00406345234926
-8.70466916075503
-9.20061051166087
-9.8532725128144
-10.2440687855986
-9.41994363205464
-8.60333445469246
-7.31058441173507
-7.3981480350681
-7.22734942173622
-8.19627998474091
-8.02961108460402
-8.46624203807556
-9.21974720202829
-8.68638380205838
-10.0485644213385
-11.0023463845198
-9.8887659504004
-9.80014719886933
-9.7943979877552
-8.8942795659566
-8.4406316992908
-7.71345517071304
-7.82545351556934
-8.67847304949555
-8.10793455948995
-7.86335297267523
-7.47551014274231
-8.20263699232149
-7.5283053561642
-7.22703651568355
-7.65592931112314
-7.89545511158936
-8.26615081611256
-7.94244544175205
-8.44801322276681
-7.34473825124763
-7.98442930164133
-8.23316911881595
-9.66343136401063
-9.55566946817832
-8.94977949506342
-8.91171470175327
-9.72235349307903
-10.6003291976848
-10.9657121715959
-12.2332396220591
-12.1476959571571
-13.1768210423765
-13.4058299769973
-12.0364061848751
-12.5407688140788
-12.3768579348185
-12.5531563351659
-12.1674813181416
-12.6092375991866
-13.619436965593
-13.2963899755421
-11.9180991516403
-12.0805968352315
-12.3947550873394
-13.1000855436153
-13.3856250397998
-13.049037515491
-11.6491753839823
-11.4040820846373
-11.0053287053001
-10.7393264074924
-11.5287839685975
-11.7730523470543
-12.5664074250934
-12.0093516775283
-12.2694838854094
-12.5286998450695
-12.8993224039135
-13.0073771238686
-12.2741351491717
-11.9211372751655
-12.7197924472897
-13.4380201967732
-12.6308152356313
-11.8664182304114
-12.2233169501465
-12.8298720906602
-13.6305631308229
-13.8604395959043
-11.8627263821065
-11.6585360872435
-12.6405269103444
-13.0867160740676
-12.8757442961255
-12.4140558825959
-13.1691169320536
-13.081925981666
-13.4984188920858
-13.1418882129932
-13.1266508928863
-13.6733682750727
-12.6502635473586
-11.221127987699
-11.4203373380997
-10.7274314261152
-9.97947635446069
-9.38885662254002
-8.20424118500056
-8.51727073572654
-9.12540858029384
-9.06849799481339
-9.82790062258254
-9.87005586245696
-10.9332118798591
-10.7832287364592
-11.3403450551931
-10.9252926060529
-10.2400779600509
-10.7521134953818
-10.0677070412438
-9.67981058052294
-9.44600073256139
-8.13910446646635
-8.94171855217586
-7.60095051575569
-7.74414320213805
-7.56945521388792
-7.57030465958215
-8.23582615835286
-8.12487744474065
-8.84977509174316
-9.47520523576455
-10.0700437433857
-10.1283414184001
-9.39867183886409
-9.44543034307764
-8.74050290205735
-8.1856795342769
-8.67214657347593
-8.2107368957063
-8.851636361072
-8.99502705941752
-8.47024099775704
-7.96953922633315
-8.50248951907322
-7.52416306987928
-7.97173159064406
-8.10770497933047
-8.8693862447044
-9.79262852093985
-9.85211972241612
-10.0930692432745
-10.702945298393
-11.0509295925963
-12.1648915988741
-12.1613825395381
-12.9226355914884
-12.535408373173
-13.1469951102937
-13.3137966882959
-13.7649293663599
-12.654125735802
-12.2373216887702
-11.2376007766963
-12.3178599109299
-12.0097469959104
-11.6904309943139
-11.9800267747872
-11.8121455439131
-12.0036774056722
-12.5672986496627
-12.5335424014185
-12.9920929283667
-12.5956170716659
-12.7934221574318
-12.7034906712212
-12.626142660852
-12.4434625242222
-12.966969188409
-13.6457898685628
-14.0180320652165
-14.8549272254182
-15.2742034538878
-15.4056925260168
-15.2763632668048
-15.6692042063558
-15.321986295723
-15.2233095670016
-14.1946346224615
-14.4142237889819
-14.7644015861135
-15.4227608562667
-14.219961705668
-14.0964329959663
-14.4661516356803
-14.5360664677434
-13.902660849788
-14.2901858354141
-14.4616575176033
-13.7421172739591
-13.2980351309479
-12.850170577577
-14.5086563479472
-14.6545946804086
-14.7516328757849
-14.7042930843595
-14.9222726165468
-15.9250161844507
-16.4563069668569
-17.6203788878819
-17.2086730560358
-17.25228554297
-16.480992611322
-16.5455374802495
-15.9762837315472
-15.8555077206605
-14.6281288513171
-14.7339657986879
-15.4266220052817
-15.2409148103634
-15.3536889146088
-15.4754573670976
-16.0355887996897
-15.0505718884018
-14.1819734578125
-15.0022136684811
-15.6568869561775
-14.614073201592
-13.4999393167945
-13.2219626893133
-12.9366632502363
-13.9943561521368
-14.2093237419474
-13.7823170062191
-14.6615948566656
-15.6337915876405
-14.7963796827397
-14.8074525947442
-14.1789410465525
-13.2471141558699
-13.2555672680566
-13.083509161705
-14.4995604151451
-14.7925372742132
-14.2771212798475
-14.2528267774774
-14.1286554084383
-15.4981622070651
-16.1495684951665
-15.1933297975446
-14.5308293273787
-14.290073879645
-14.1244992545268
-14.336947093015
-14.8328743963686
-15.1950143842671
-15.2448995992488
-14.6280203962301
-15.8237640839469
-15.8609198793719
-15.9285946494169
-15.2980252910406
-14.5010951357112
-14.1122232428097
-13.4039162580431
-13.3458909884784
-12.3829568125755
-12.7622455288115
-12.4298559888177
-12.6595486649615
-12.3548720118967
-11.4019702689823
-11.6176375835434
-12.2383070421644
-11.2683146525857
-10.9887066339021
-10.7749067304369
-10.5319233169771
-10.083490771479
-10.3304247818693
-10.9650973263381
-11.0000514804648
-10.814579293103
-10.7741753422728
-10.5444599568744
-10.7633694927362
-10.8867194465255
-11.6845103896382
-12.5810899335505
-12.7020017201414
-13.6725074797326
-14.3053993012391
-14.1221309115105
-14.3956308120217
-14.5246747830944
-14.7828027934428
-15.0304697241895
-15.8680461030504
-15.808929897028
-15.7257120308614
-15.0387740741493
-13.9895498135973
-14.6045783112986
-14.9341175475963
-15.2869728623297
-15.8542315056348
-16.0837461256896
-16.7107569695132
-16.9098592491461
-17.2269307743842
-17.3177040209801
-16.8444080235574
-16.401643692983
-15.6456451836524
-15.328849069873
-15.8479015126568
-16.1566960272785
-17.33142912457
-18.0331438113971
-17.1021196836125
-16.8332024047082
-16.4329405908043
-15.5825824527806
-16.1037646751865
-16.9577247094488
-15.9499857616833
-15.5706446870346
-15.4317153100802
-15.6044436638019
-14.3574106622197
-14.3883790639994
-13.9708008983752
-13.9232855901226
-14.0924637219678
-13.0986605700937
-12.4854359074116
-11.9992361124437
-11.2969756170025
-11.0852934761147
-10.1397551246173
-10.1582630524941
-10.2844913871537
-11.3420668595901
-11.9549468136009
-11.9853858364736
-11.4747627436026
-11.5150616821065
-9.90952119997714
-9.44718850250663
-9.47909113829571
-10.0359561608804
-10.7556134147748
-11.0079791703166
-11.0201942973779
-10.5652564192721
-9.64284648252729
-10.5011553997277
-10.6312407926027
-9.76233407185768
-9.64323815102469
-10.2357634549697
-9.31908000855982
-9.43211921280429
-8.91928367875813
-8.8441383722012
-8.97108102197926
-8.26470542386415
-9.82288111145261
-10.4415794747613
-11.4530506029688
-11.8648375779372
-11.3508602512623
-10.7761059738293
-11.5591901603988
-10.3841826242837
-10.1580564085274
-10.100091662337
-10.7492632800855
-10.9138473561408
-10.0569231198683
-10.6443301795886
-10.3907760388802
-9.98055827919497
-9.25494117892892
-9.0480674721735
-9.48487110530174
-10.1295577736538
-10.5469905975746
-11.2125010257364
-10.7012473813945
-10.4589625378936
-9.79866928234757
-10.1314234372829
-10.2510447988521
-9.87605685460387
-9.76523781591267
-9.91135930487214
-10.2277344988503
-9.96031015270218
-8.91469479673898
-8.74550150965992
-10.4962587560164
-11.1765485205433
-11.2411594520297
-10.7161694667496
-10.0481910454212
-9.95253875302252
-9.3630519944035
-9.10415057481829
-9.33450008931576
-9.8431396949604
-10.7975832556517
-10.1669946708936
-9.47542745271472
-10.2876250663697
-10.0685186279105
-10.7319928744859
-12.175765222416
-11.6744566757876
-11.2383212839512
-12.0448151317265
-13.4254969745801
-13.8290986856454
-14.6487223992681
-14.9050546539595
-16.1087823578806
-14.4539675964706
-14.4995226863411
-15.0495406951985
-15.304094129052
-15.0099340399365
-14.4978936061785
-14.0716813709979
-13.3860813177989
-13.2009630260279
-12.2468385454359
-12.0897076100103
-11.4864649391999
-11.8656942533594
-11.6047644058374
-10.4642027387479
-9.62384373177515
-9.56524451149853
-10.9097039970673
-11.3157571389603
-11.267579249299
-10.936638674578
-10.625361546732
-11.019911559803
-10.4566364500902
-9.94874677134709
-9.91901773418761
-11.1334374722038
-10.5355274047646
-9.46893763147999
-9.37831793381743
-9.42951945177178
-8.32993287297205
-8.87080601864589
-9.18074174896144
-9.03469084762205
-9.46814522446719
-9.83069893471928
-10.6527150785386
-11.4724815684219
-11.579719030887
-11.8886313623619
-10.7886516128264
-10.28246291173
-10.8611610073087
-10.1596034446443
-9.74676187330367
-8.53896599518379
-8.89265955795151
-8.81630199583868
-8.03638279551942
-9.17620237526159
-9.19407071046722
-9.38264254181635
-9.12330830053004
-9.52482389658739
-9.13090641670875
-9.00213595146227
-9.41286904683837
-8.95035277272873
-9.87327605862501
-10.5052057807626
-9.96555256180891
-9.68437784634883
-9.78505755348869
-9.37904590260725
-9.49469780027466
-10.0031681078824
-9.84344484714531
-9.6564046874952
-9.94080606605776
-9.36605709515715
-9.4999343653277
-8.99254722159547
-9.41118751581261
-9.04368271336313
-8.27310719860411
-8.19386284136457
-7.9933792369479
-8.89199212458409
-9.23669964019943
-9.33092179296808
-8.31767847870456
-8.4010207008762
-7.219359198512
-8.12653855675657
-7.53855273822597
-6.70449302976626
-7.14723547981979
-6.79039316906989
-7.56024258221466
-6.79972246638124
-7.76423984518748
-8.07680645864835
-8.28462537941335
-8.69949464505899
-9.46079904468106
-9.95522984961605
-9.7774926960226
-9.27470926431358
-9.67063656288967
-9.54793571772021
-9.94930232602099
-8.35405679343361
-8.23636762306533
-9.06822944236656
-8.48069979014824
-8.12112071150813
-8.48115431344113
-8.8688703363418
-10.0290128519382
-10.3697554642215
-10.0938825366221
-9.39348972907609
-8.74023943066197
-9.18664133741632
-9.52791443802409
-10.3301378042731
-10.2269727749567
-11.3993515563686
-11.5648853436137
-12.238764134161
-13.3622177313937
-12.4209600749676
-12.9730318714709
-13.7537302728456
-14.5982114685499
-14.7651198173891
-15.7552222060157
-15.4651863563663
-13.4048146777343
-13.6228385047939
-12.6915839605946
-13.5918133778709
-13.6416360745303
-13.5875443199327
-13.8644618913428
-14.1062976758094
-13.5093588820484
-13.80938106113
-13.9902773447745
-14.1417729822434
-14.8241968720456
-14.7395298412799
-15.4916894753577
-15.5014182608069
-15.2974377312163
-14.7680093189911
-13.8297890898203
-13.9193201658042
-14.6994954140183
-14.8300789719928
-15.5800921341504
-15.599643821822
-16.881833719184
-17.617049197664
-18.2165962690045
-18.653930623351
-17.1545406120951
-16.7194604767446
-17.4460918007546
-17.8332494054785
-18.1961170557255
-19.0303987757671
-19.3257155138366
-17.3093496668452
-17.5893068744357
-17.6193015785485
-17.665814704223
-17.2339164386992
-18.2485493407492
-17.9295607633551
-18.2671529639141
-18.3922911509293
-18.8468890344104
-18.3391882126952
-19.5772721085919
-18.9275471482637
-18.895100762993
-18.3461750940142
-17.5246693196386
-17.5638969922084
-16.8210463325954
-16.153176721061
-15.7785043751586
-16.51542939909
-15.8104190264298
-15.0780722241425
-14.2254627638972
-14.4738671251398
-14.0552205480319
-14.5003167091877
-14.2540011842069
-14.4685252531112
-14.6981326430287
-15.1522664448273
-14.5753836109233
-15.9133888641591
-16.0194896121143
-14.8540278998776
-15.9982719930998
-15.909108316678
-15.9780249871933
-16.9308197630741
-17.5356793725554
-17.9804677495141
-19.0269628436175
-19.2113023474739
-19.5837800779407
-18.1160065485983
-17.8477397607036
-18.1751712891302
-19.556165812094
-19.8690168346979
-20.1319524096336
-19.6126748926885
-19.4099199379578
-19.1897704490829
-18.2678807817934
-18.2859497258564
-18.7397587740046
-19.3618741336893
-20.0057791647446
-21.1466939789023
-20.9874184570185
-20.4176126248589
-20.563603620795
-20.2805799027223
-19.1250724071815
-19.1643440033603
-19.8152365060856
-19.7424125302465
-20.149759933859
-19.6196751484131
-20.0008599581781
-19.4805446750062
-18.7877158483142
-17.7322047805125
-18.8064348235621
-19.2331200213687
-17.8918036098053
-17.920163775608
-17.2531402994062
-18.1414906773113
-18.3621705986669
-18.2279323837656
-18.7785232951982
-18.4254161137738
-18.2803203261593
-17.4179872503439
-17.5849377255596
-17.4210406912461
-18.3130060094946
-18.7988273532291
-17.564279154633
-17.9010906556553
-17.2361572044517
-16.8793349540052
-15.7552542716276
-15.8413309739112
-16.997544247726
-17.135615351076
-17.0089938970331
-17.5158335600042
-17.4994607446634
-17.0417616289165
-16.7648029391964
-17.6874187545585
-17.2470732158448
-17.7308747262392
-17.8749199951619
-16.9806856375797
-17.6391578910142
-17.450338936458
-16.9542323571313
-18.2351317189974
-18.7201384293159
-19.1498393207498
-18.5714499551445
-18.2857909278586
-18.2385592565591
-18.8316127147788
-18.1281879581474
-18.5925498364716
-18.2193881396623
-18.4464095512425
-19.2435558691315
-19.3996153799647
-19.2159840219979
-19.3202401242519
-18.8444731867312
-19.7315235926266
-19.1894281625051
-19.9422069963478
-19.9354954129394
-20.8741410399707
-21.5984451811541
-20.4479741807499
-20.2995664714912
-20.9927155044148
-20.9837284133256
-20.9128982309407
-20.9898537758318
-20.4213987392835
-21.1154867896155
-20.5335685574955
-20.2665659569542
-19.7188317637145
-20.4265468430324
-20.616928196414
-20.4273635013406
-19.9500549983048
-20.0920497218919
-20.3075024254937
-19.3586756991268
-19.048868327878
-17.4606793984497
-17.5554248663056
-18.5169894624811
-18.3882761451946
-19.1109855197121
-19.8975474816651
-19.8629300438258
-19.3258676752195
-19.0207095473333
-18.3273619861185
-19.0055494994865
-18.8689499425767
-17.8323300388334
-17.8930224137216
-18.9999009150109
-19.0328241666319
-17.6314247185567
-17.5678076535246
-17.3044006877676
-16.854365766355
-18.1164003136103
-18.3705830457836
-17.3883969031486
-17.3569454709181
-17.7696707185285
-16.9438021651715
-17.3282012601712
-17.2810375370413
-17.25374151843
-17.7061337442686
-17.6612639730614
-18.4955143125407
-18.326701257992
-18.8372906169483
-18.4793663444499
-18.7744045224556
-19.243362232946
-19.4614763698167
-20.047634960395
-19.1581848130247
-18.1222659352706
-17.8563420427396
-17.9077386779362
-17.7702273137302
-17.8210539789578
-18.1048559618359
-17.7386991243665
-18.6551069721521
-19.1223490792334
-19.2963005863346
-18.7626104918038
-19.0884011265156
-20.2398315407236
-19.5699141786608
-19.8907660126207
-19.2165140661629
-18.3477220152323
-18.3050273163849
-18.2239777423052
-17.288273882439
-17.0424537248348
-17.1183404180325
-16.6983747846785
-15.8793888255017
-15.2638857026197
-16.424827524348
-16.9376441222947
-17.1883117458786
-18.1688075054348
-18.4977958613094
-16.9647192404773
-17.0179588131231
-16.8193136794453
-16.23862367386
-16.4012741783033
-15.5524229057276
-15.6684777836058
-15.1934830116131
-14.1891039026529
-14.7556322233594
-14.3597935853888
-15.3245230680725
-14.5823588810563
-14.0153597700655
-14.2390751726456
-14.2398043850523
-14.1047950973122
-13.8752185428671
-14.5945522112836
-16.2688136933575
-15.0411258774589
-14.6412382678363
-15.0264546096635
-15.2514762442289
-16.105454458997
-16.7518974891418
-18.3731735496491
-17.7624809115111
-18.0301133608382
-17.7393732353731
-18.6120824634889
-19.3187359813145
-19.0201124095118
-17.6141346401731
-17.1790791127441
-17.9180329561561
-17.355847996061
-17.9159828335026
-18.4400758162645
-18.2064701407841
-17.6700449171829
-18.1474022777517
-17.6912982898295
-17.1877805529096
-17.7102272069173
-17.6977560458931
-18.1197852471959
-17.0442189438563
-17.5888342915785
-18.2309088138461
-18.5221181657078
-18.056793934751
-18.2475637349195
-18.6074842477419
-17.6802562570551
-17.9365377560802
-16.9174859526139
-16.7367022234622
-17.3906125859212
-17.7307689630704
-19.0094304538741
-18.5532648395592
-17.9427771541871
-17.046891377726
-16.3536695768295
-16.3677532505125
-17.1605779054235
-18.5086374956336
-18.4307156414823
-18.3424133612293
-18.2856129877742
-17.8149611787516
-17.4411144762727
-17.8443710183863
-18.0110607780174
-18.2796192575886
-18.5056094965789
-18.5855934733073
-18.8249561494587
-18.6542782503409
-19.0220458938274
-19.4059755032462
-18.7720327111688
-18.2622940798753
-19.2814367118549
-18.9792291322801
-19.3720494698585
-18.78578219706
-18.1034421317326
-18.4363107516822
-19.6446087357571
-19.2777562902018
-18.167555283541
-17.8110957772711
-18.2397624695626
-17.479077254007
-17.754791383276
-17.5779622950985
-17.2128978088842
-17.0343310174969
-16.1460220907548
-16.0634983285515
-15.9492031510669
-16.3265794569839
-16.3776687394614
-16.6222929416765
-16.5636213455173
-16.5420140641472
-17.0948671195172
-18.2600212620954
-17.7766727037272
-17.4003924574259
-18.5659410949047
-19.004987987945
-18.9460783497696
-18.6069458150754
-17.9007483299629
-17.3856210629534
-17.3477109619723
-17.4098691457025
-16.5912781451364
-17.817312551321
-16.9513762761378
-17.7027532409265
-17.9459444749932
-18.2041370148211
-17.9604600367526
-17.351662826087
-17.7777960769411
-17.914266025217
-16.9128562645754
-16.9787521618685
-16.5640224658523
-16.687125664716
-15.8477412600427
-17.2082311785251
-17.8493153378663
-18.7246892754628
-18.4039765121061
-18.7498477348742
-18.3258233037945
-18.5092256382465
-18.722856971127
-18.2484865611948
-18.6504408272863
-19.072029414783
-18.7463260407447
-18.8073051822768
-20.1988662584695
-20.5122932406945
-21.1264416874341
-20.9016837310767
-21.3525796707877
-21.3152154301798
-21.0052824818227
-21.5867456811045
-22.0350340818269
-21.3236050555475
-21.7847804872761
-22.2317670574362
-23.6192558721907
-23.7999475832619
-23.2331063472239
-23.6085706779861
-23.7350921504356
-23.5988978788158
-24.264348665377
-22.9668876772365
-22.1989118823838
-22.3276308941489
-22.820816288459
-23.4040387807801
-22.0522221945337
-22.2702403499784
-22.3622142101161
-22.6976233931329
-22.8060829540492
-22.1917031969242
-22.3316537493431
-22.3278888212358
-21.572873355033
-21.5407115139747
-22.2479022707509
-22.3623181602922
-22.8185909075809
-22.4388273955072
-22.9508000040958
-23.2528202278299
-22.9585136293626
-23.5509263306698
-22.4714159972171
-22.3865230890713
-22.294796201511
-21.9357133711142
-21.7426390274763
-21.4996042851148
-21.3564444754027
-21.3219724183179
-20.1195668608267
-19.3467015680781
-20.0261656861652
-19.7862178055676
-20.2636804959505
-21.0265003587252
-21.512324380972
-21.433035738302
-21.2514433652845
-20.926592848952
-21.5795890084802
-22.0759930796638
-22.5334271684056
-22.8803435921696
-22.3688962005989
-22.5867657614797
-22.9574707281238
-23.9109343462646
-24.0463046613537
-24.0445826326665
-23.4247729471755
-23.2989238118849
-23.4204185281963
-23.4555309266968
-23.4853365128328
-23.9721024891705
-24.2405844323862
-24.1861543850642
-24.2552253457219
-24.8587566880861
-23.9358003347789
-24.7257799947333
-25.1804055361028
-25.0502294620122
-24.9504907057695
-25.4304558874173
-25.1715365442937
-25.4728287346047
-25.0590191856271
-25.6913350730176
-26.0848949850651
-25.4124030509757
-25.9073557471512
-26.3632092695503
-26.1518229225805
-24.6829347207697
-24.3940019084903
-23.6552440262965
-23.0346945684552
-22.0450409725913
-22.6103290006899
-22.1827968941269
-22.3330235181313
-22.4096396782046
-23.0674991695191
-23.3008689396555
-23.7789528385104
-24.3048473336933
-24.4920014382182
-24.4774572442133
-24.7427399364625
-25.1421505465634
-24.8964118153011
-24.555034744803
-25.5866624023005
-25.2874997833762
-26.1527839922406
-25.5040253083611
-24.2860460484388
-25.194176205104
-24.3062790753212
-24.0907442365141
-24.4034249701255
-23.236585173514
-23.772834724881
-23.870020851703
-24.274923037883
-24.3940112767423
-24.8325071085989
-24.6735793500689
-25.0894585821876
-25.0977425596185
-26.2004295888948
-26.2260585473681
-25.5429378534401
-24.7911669044423
-24.3802795443349
-23.7375955755205
-24.4991823842031
-24.0088639229555
-23.2143196337405
-22.2616805667255
-22.7031179731129
-22.559897841336
-22.5592110180187
-23.6273817641613
-23.8068370579948
-24.8683126547982
-25.0721066758756
-25.4831318521086
-24.6970771181373
-24.5744064079549
-23.374352279265
-24.0347322938248
-23.3519369502344
-22.8625655650511
-23.0935844963427
-22.0833913515776
-21.8108535526703
-22.1458011112484
-22.8562265520288
-22.8795439023436
-21.8678807180853
-22.5340390628991
-22.8198982693968
-21.4123923126831
-22.2728542610479
-22.0180897349364
-20.9259120662792
-21.2052745326785
-21.9629637910702
-22.709772250836
-21.0118000070672
-21.2243867053263
-21.3279431534449
-20.650251074444
-19.8430148792772
-19.817891066029
-20.1692989729793
-20.7812365407953
-21.3613035187234
-20.712198454501
-20.4907258342008
-21.4018889051731
-19.983179550091
-20.475791775279
-20.4345142406258
-21.0363909647118
-20.8922927036624
-20.9924993996717
-20.8368124190663
-21.0354070148447
-20.6175203329813
-21.0063767901327
-21.3398737008786
-20.0611740715808
-19.3440991052256
-19.5687751368489
-20.5461587664987
-20.5064399218542
-20.3192571599703
-20.8791415691093
-20.9329101203679
-21.9520111948017
-21.6480410881056
-21.2875716749957
-20.2951675647352
-21.0792610088888
-21.8546528162158
-21.3236305431026
-21.2363954812164
-21.918606472152
-21.9628740938554
-21.8578260553618
-20.9546810783779
-21.8978309084283
-21.9273870882617
-22.1577936320029
-22.0089643860549
-22.4502235955083
-21.6530977625124
-20.4826847877242
-20.4780743173089
-20.6206981597213
-20.0612631678978
-20.4969588018117
-20.6848982549842
-21.026397582685
-21.2550052133307
-21.420104035037
-21.334686439294
-21.4149091444674
-21.028508301339
-22.20734097784
-21.991875558057
-21.4620793707482
-21.2390400112456
-20.9256533577599
-22.1378200446411
-21.841075888325
-21.5905521124179
-21.8081462898782
-21.7304029600849
-19.3639413932838
-18.6477152910377
-17.7316595711673
-18.3484600441001
-18.0678446367763
-18.1892847909913
-18.4131562156777
-19.8753538939645
-19.8772633487612
-19.9045859529647
-19.6283093687743
-20.0939783329444
-20.0397544970903
-20.6473671052045
-20.4756852479537
-21.0803282358417
-19.9057182436818
-20.4904042702695
-20.299765007557
-21.4320451305212
-21.4169963878418
-21.9592286072084
-21.581110778901
-21.2296497229444
-20.6645027034486
-20.9130618835767
-21.9695334649583
-22.4348336533068
-22.2614636783729
-22.0512704115744
-21.8413535641504
-22.0336659630853
-22.3239242378211
-22.6241388594475
-22.7286812680057
-22.8133417293039
-22.6652382337392
-21.627320178862
-22.4897536800148
-22.1203489546209
-22.8380010145761
-23.6170004270593
-21.3628277099199
-21.9545862816104
-20.7952998681156
-21.2037315319372
-21.7540867408979
-23.2921965920694
-22.8611190619814
-23.1604565615647
-23.0234152199132
-23.2721358179317
-22.8158710224102
-22.5743460158726
-23.4193946041515
-23.8096085239015
-25.2016528978678
-25.7143283196957
-24.7063709370388
-24.8458594136675
-25.5030567823531
-25.6588656013674
-24.5396739693291
-24.9575181551602
-24.0870053947175
-24.3863348487332
-24.7046172283536
-24.1434894216887
-23.404920410336
-23.5890422277963
-23.3621443947622
-23.8127018511062
-23.1233119012561
-22.5322227116162
-23.4384300150873
-23.1575330344496
-24.252262972262
-24.7725306508689
-25.146865157846
-24.9135073933058
-24.3086983331305
-23.8208702947106
-24.6590921312052
-25.517951802345
-25.782958752161
-24.0554744954194
-24.0388733510268
-22.4222730471688
-22.3949614825925
-23.5034727275195
-23.3375526658441
-24.0708143196899
-24.779392998328
-24.1945502571847
-23.5617238149141
-22.9257432460829
-22.1809544475237
-23.3530050165477
-23.8415052340319
-23.7587573089123
-23.9545700300067
-23.9019708808803
-24.2074719062571
-24.5950151282969
-24.0342920390389
-25.1898555655055
-25.3911199392291
-25.1582323867016
-25.4062705989397
-25.3480945027142
-26.1797587590637
-25.6884067258486
-25.6948141974849
-26.4190769040021
-25.8820722090333
-26.5457909677993
-27.9763251154014
-27.7751717540575
-28.0834120976196
-27.225992080339
-27.369158837366
-27.3963585160459
-26.8806777246245
-27.163983309554
-26.9111201322741
-27.1419714100741
-26.5136097615921
-27.1032467050748
-26.9333763942676
-26.873347835907
-26.3041669493786
-25.90989100608
-26.0005022549694
-26.5844406932565
-26.2706110419443
-26.4618762037063
-26.793538025904
-27.7947884881711
-28.0673512400826
-29.2013968660624
-28.6026075452435
-29.6860142895843
-29.3056704676683
-29.6339197886233
-29.1375752368016
-28.7934814705584
-29.2970277786168
-28.5127517149637
-27.6404960366934
-27.7397963049334
-28.5163728324077
-28.1952429267997
-28.1777724724792
-27.1862208584989
-27.565657819837
-28.3591891139881
-28.91440386927
-28.7421251271334
-27.836734728793
-27.8402230452682
-27.5689978630551
-27.1476767791728
-27.0976924243194
-26.5156849364047
-27.5501608406922
-27.6802000593219
-27.808065690421
-27.4669935043494
-27.864189261614
-27.1560857255189
-27.660352450399
-27.2945190317565
-26.9307983605741
-26.8384033951742
-27.0308787774171
-26.9597322095978
-25.999840480551
-25.6412296425135
-25.3302608357133
-25.2351413255973
-23.7507626575768
-24.1008288991854
-23.511723592478
-23.971182529807
-24.3534107367068
-24.5335082679003
-25.4319177351757
-25.9990328449826
-25.5220871464036
-25.6770331026591
-26.2095854533869
-26.9410780850046
-26.8206970212982
-27.090803566572
-27.0678569826757
-27.5221471102373
-27.3527203274578
-28.5854392462662
-27.5055930109167
-27.2325807482625
-28.5153136279836
-27.9215332180912
-27.8634122218011
-28.6351302059944
-28.5630012956603
-28.0246707587634
-28.2429205226019
-27.6288801121422
-27.3799766836672
-27.1193115285923
-28.1308427445315
-28.175012239767
-28.0950236958902
-29.2444891772253
-29.6907939419079
-30.7230679111775
-30.2464122545316
-29.9868276046305
-29.1905147954001
-29.9494884828698
-29.0297992506961
-28.2178022694465
-27.3719046562678
-27.9758524524572
-27.702016742868
-27.0878797778107
-27.2372935695123
-28.4083620407246
-28.4040556877178
-29.0430143835655
-29.6907831956903
-30.0195223930003
-28.7642477413768
-28.1660284154015
-27.5418480277473
-26.1317834833537
-25.4029011625216
-26.0496967676354
-25.3859469337351
-25.1831063552668
-26.4897370194206
-26.1099847728479
-25.8792654238603
-24.898994726383
-24.4039202097579
-24.7169812394051
-24.2196854894096
-25.0215704418877
-24.7660017976289
-24.9822437858562
-25.370162792698
-24.4897565917035
-24.8705554450428
-24.6142475550696
-23.5781725697507
-23.339548295443
-22.7075964231696
-21.4089720317211
-22.1094017101796
-22.0769326912353
-21.2253420075515
-20.8444998732706
-21.6145720840477
-21.7280628177582
-21.1156225982535
-20.3426195523061
-20.0426680163354
-18.8518897375257
-19.6356480062479
-19.4624822772687
-19.8650069607465
-21.0251797008458
-21.7601151057428
-22.0116778796695
-21.8823371888142
-21.1543467749973
-21.8480094953913
-22.4900678324958
-22.3866587234698
-22.5613026534361
-21.8644737134178
-21.2130529250577
-20.6472003248255
-20.3084089522362
-21.0457480176404
-20.9932238836518
-20.9446932518913
-20.3560940571206
-21.1002863082339
-20.8094462002508
-20.8811893045188
-20.2782312892012
-19.256320011169
-19.6563982370676
-18.4925652400275
-19.0047737202257
-18.9812677591014
-18.1966034869412
-17.4629768553269
-15.5752781838478
-15.2558817628487
-15.5209728385789
-16.5611349799682
-16.5433870772328
-16.7450398837973
-16.5779351452727
-15.8172802584613
-16.2923676023403
-15.9697985053661
-16.2035740735951
-15.8412847789808
-15.6274853296163
-15.3625368161913
-15.8210191619834
-16.3700209685875
-16.2625439205781
-15.9234710601403
-16.1667005492517
-15.5134987038483
-16.1077350125331
-16.4172636304895
-16.554138437209
-17.6170698172998
-16.9915909453541
-17.5881608795068
-18.0254182414817
-18.1840599551728
-18.8717933068518
-19.0286397225738
-18.5245004292172
-19.2514247204328
-19.8743194297946
-20.3501427543563
-20.7405694141503
-21.1293078162984
-21.4445143747818
-20.9954160253405
-21.8550349801708
-21.1111394531027
-20.1492685567393
-20.0377485886708
-19.9179943348843
-19.7314700157685
-19.9735637517797
-19.7999273986572
-20.6496201298836
-20.2273613566489
-20.1952330614724
-19.2347088404138
-20.1560031926922
-19.9035242083426
-19.9129969654736
-19.5772805398243
-19.7328270930439
-21.0982068002408
-19.9170263501099
-18.8375985274384
-19.5341075095572
-19.8228308846252
-20.2387899374006
-20.4623176081069
-19.9434401138045
-19.8725511552333
-21.2120992417004
-20.7791991870643
-20.1015241222722
-19.5522360820822
-19.2941618763066
-18.9470339963479
-18.7739144911228
-18.3041099250475
-17.8605829950771
-18.5188019453404
-18.9130453084695
-19.3357441258443
-18.7145097931466
-19.8856767739931
-20.2687801692163
-19.3037591659798
-18.4227751821197
-18.7024365072907
-18.6438924395646
-19.35774626659
-18.5391409148501
-18.5918776288754
-17.6027816413282
-17.6793265800132
-17.9206199672685
-17.9167519900207
-17.0411908256883
-17.7267195347695
-17.2597207244463
-17.5072365831728
-18.93354716699
-19.6699455577609
-19.7034650762072
-20.0348553152749
-19.9424731874746
-20.4966059614475
-20.8165188503558
-20.8933419083641
-21.3193451894695
-21.3252004614253
-21.6294346390467
-21.1343862517853
-21.5166952892578
-22.6163746846146
-22.7035550646183
-23.2496788814416
-23.3338426065124
-23.5641882583314
-23.7467136562609
-22.5265570383285
-22.3827034424624
-22.5418331239456
-21.8429533748236
-21.8795825831479
-22.7238517638053
-22.7177052083076
-22.9641523295278
-22.5930092144442
-23.1758002236944
-23.612062592149
-24.0805544913954
-23.9019926499684
-23.6892730976785
-24.2500688151871
-23.8504890245051
-24.0155017662294
-24.2631509821143
-24.5148680830362
-24.5769680954852
-25.3532064522404
-25.3115659518572
-25.5953048044363
-26.1545286539298
-25.1663434113577
-25.1552232889315
-25.0328105898491
-25.6685385323479
-25.3390763756675
-25.6612387828051
-25.4867481413226
-25.608590514186
-24.7953329146737
-25.1618194282417
-25.7455609991105
-26.8481372870821
-25.610460612812
-25.2329136616759
-24.3287830846109
-24.3058345287713
-25.4669033111648
-26.4085577699243
-26.8793068384223
-26.9674138714381
-27.6924662619146
-26.7474328904467
-26.221651107151
-26.0887859694729
-25.7190532905785
-24.9456379732139
-24.2840469367673
-23.0919695220544
-22.9611687105146
-23.4915385417371
-23.7201614073293
-24.0869521524881
-23.4042620896093
-23.0581136440896
-23.3406371164813
-24.215134908837
-24.627716462442
-25.0914734686326
-25.0027199063481
-25.0204569819682
-25.0610188851382
