0
-0.396204178167565
-0.279899460170989
-0.808285439031279
0.2009820436035
0.409300663918773
-0.109772824740964
0.198548285071261
0.665426409953338
1.02931634048444
0.835760039072362
1.79156009826781
2.03740198572282
1.64367998304106
0.242323315608072
0.95369516861716
0.924895180953792
0.914285601419402
1.51085431996045
2.02963586609556
2.40444018783525
2.9846907342475
3.47816328815552
3.52393105906557
2.26434500143258
2.65545148658492
2.6188903741691
2.51930908793765
1.58811588285367
1.28507198900487
1.54888741202436
2.40757225568512
2.3416005599996
2.58584897511874
2.55078533996073
1.67883609116866
1.41569894940941
1.16576180738023
1.12778241678358
1.82304843570548
2.30499394035711
2.20001808418031
2.03889808073896
2.47888086390625
2.8299540310414
2.39321470019145
1.94479818840364
2.17460214796141
2.65979520676202
2.58767730530188
3.14390369029334
3.39443039519051
3.00599314487037
3.22053378353942
2.50497363223502
3.41029541045833
4.6614461637431
4.42733033100479
3.76519067827058
4.12400693208339
4.03694129795952
5.55424295990191
5.52720370591234
5.96122229987335
5.97654793118311
5.50407005924054
5.62127116545005
4.47746658704981
5.40257388010929
5.49733877211199
6.86922010648461
7.16721105052934
6.71533461842506
7.0989057454006
6.50529096850947
5.70982147299866
5.89186432835287
5.60914518509896
5.60760061277919
5.6523751542525
5.27726842052443
4.91549982719058
4.82803916431198
5.57119558684592
4.60537885725653
4.97918125780953
5.18776588947306
5.85805415630681
5.66332812938607
5.89508324142238
6.06165331594922
5.71610885978309
6.47774509209861
7.20905704774439
7.64902742116654
8.64956940693854
8.99932740859026
8.18833987323645
7.82249965472946
7.04485763197687
6.74263483753978
6.34758344670501
6.37168083028283
5.79301472207449
5.89064368751311
5.47429175080735
6.58983264431445
7.0404823193137
7.61331085294472
7.85324568348715
8.91400595319299
8.5083653135962
8.21299220392003
9.11556183223771
8.70037909917954
8.56573984901155
8.31388000506966
8.10817319314281
7.92840317133384
8.23778395404213
8.1223351959509
7.79909066598464
8.64538336443328
8.50621327709153
8.38924927104198
8.32252738279449
8.76992812023004
8.7198939346315
8.69260403711981
8.25800705474722
8.04961732436907
8.08444628080171
7.70876292667034
8.04182712878498
7.07829366110021
7.26934655858067
6.29470262936873
6.1018307318891
5.76527645156787
5.35054938953526
5.31242448787498
4.09955230900769
4.84204911266873
3.7870912650578
3.49241406187477
2.78524725250808
2.30927352274628
3.62838984139544
3.63794044136704
2.82295737885945
1.78421814977981
2.06822778516999
2.05566222518193
1.85367585724665
1.26515415548396
0.323895591992255
-0.356245282239122
0.276370964975658
-0.116663141402861
-0.992204894470562
0.190435182617692
0.459216093883453
0.308098728269653
0.977418948498236
1.53765089050087
1.14539213861749
2.54019568969379
2.3778863553871
1.47600567896548
1.38408894961449
1.51479408479122
2.97388187345662
3.03960761358388
3.32742319316127
3.27729642310513
3.06474482407726
3.0415562574366
3.53848666076325
4.84957145214635
5.49741165503121
6.2591610391188
5.47790006501614
6.09797910121382
6.23463256827993
5.30416831747666
5.63157036605284
5.52891250991795
6.45298729251562
5.96589329895722
5.69141713791962
5.10341749617916
4.98936574902507
5.2416245766043
4.77672974662863
5.29999315847231
4.53381451985601
3.86919745468275
4.7791179399275
4.13472794361722
4.39362973830297
4.15085862975826
4.40812674461836
5.47450074668415
6.47575757817649
6.26388280601031
4.81606739659225
6.39380085927225
6.81313302633188
7.15277324139264
7.14143752955584
7.46120184857757
7.35425696370278
7.61738591534055
7.36120069356728
6.49166066109884
7.1138277738408
8.07215339138912
7.87365984906259
7.07786034594775
7.48121826848584
7.4499492402174
6.35078569090235
6.3495936830743
5.94841691256554
5.73039008121813
4.99661733623934
6.135025764009
5.9231454654542
4.90536036793429
5.02811430499865
5.19254995274233
4.56698138246087
2.73804072949771
2.33186931725226
2.69175727993072
2.65290826069443
2.58975340761592
2.94341167854782
2.19185198437767
2.88463795264271
2.88010423721378
3.32629473998124
3.97899137963877
4.11874120780128
3.56135022052094
4.29544904741336
3.02871548348499
2.68294807997678
2.52017454635948
2.41410230785174
3.05853471127982
3.14346558727226
3.39972360428765
3.35431014302315
3.19633173602132
3.63495815878398
4.35844264101548
2.83684776884152
3.19794532986372
3.43366267578697
3.16332628762316
3.76353426829495
3.51585364573664
3.33462080429641
3.87556051334103
4.96159808750065
5.13041116431621
4.86134638732413
4.10734056722046
3.89633399221596
3.30037520190032
3.13529170720232
3.38346487718001
2.84334976087653
4.51769267020103
4.61455604046917
5.32751605669953
3.87761592571603
4.34471516045735
3.51051074115303
4.09084146114539
4.34100474384594
4.08152463752741
4.91742672417136
4.47196190502927
4.10296039157244
3.46818556856127
3.04420503810611
3.64077480864666
3.91361582245794
4.54776888392344
4.29921706913954
4.53553485543789
4.68814409871578
3.78422449478281
4.90748824617945
4.99055741780747
5.47276851717719
6.07466088492966
6.04025046296737
5.84441970876936
6.40729081781788
5.74235839342831
6.98684468549321
6.74141969973121
7.78489647906265
8.73818980437165
8.78716666562554
9.14239380444233
8.49075549320229
8.6916464407244
9.34820825473474
9.40713170857651
9.11614745539773
8.69774813602599
8.67154970185993
9.34427816242143
9.0344478291218
8.9543005356491
8.13223281079227
8.4416108053608
9.2654237127901
10.2085294113831
10.7197092487375
9.53286310093979
9.83391218218594
10.1184641029784
9.89090675154182
9.99477739789575
9.44431516787304
9.87012070235961
9.65929580782748
8.66305738129457
8.42719589485207
9.28676943548433
9.07163662933015
9.53143979247147
10.1263005412412
10.1250320059097
9.89815380190348
9.55918568533784
10.023119308211
9.34652053498337
9.49849933681065
9.31160446117208
7.87543801643262
6.98125257647438
7.55780156738843
7.43380301633389
7.93887040896089
9.12943852668912
10.0579510578313
10.4822700820436
10.7183866770963
10.5921628910451
11.5858724205265
11.9583296323839
11.2113110720097
11.1083895653698
9.89032107824026
9.76287241240778
8.11943528774151
8.94723545337506
8.54170387234565
8.26634469560716
8.15595184178982
8.53989023200409
8.96549427359648
9.32111244280619
8.95527626065103
8.08947305334039
7.840387730263
8.01301990566958
7.48925248905661
7.44271795821971
6.70124637332832
6.69331079277258
6.77212878002817
6.67716008030711
6.57082282492633
7.68356271598675
8.16279134933359
8.86245696827611
8.27502464095962
8.37565353596159
9.1026788526587
9.06329049349743
7.71293925562921
7.92795368986513
6.71998289855094
6.20426585461739
7.03915800571797
7.42570527358094
8.11316706154927
8.30383573553737
8.23084368250888
7.64296461834214
8.64735454808704
8.67236280805013
8.21660694981011
8.76053544288962
9.43656735661888
10.6317100784442
10.2460884139464
9.99478346307049
9.7275436232897
9.48606599062811
9.25039379440767
9.0596907962316
9.96795421454308
9.52280508133154
9.27349727282333
9.68248816294371
10.3899837237687
9.89750198156377
9.57220104262442
9.89953890135459
10.5392633766186
10.3761972380808
9.46763949261272
10.544795488483
11.4481952601493
10.9943378210554
10.9487877390125
9.83162248879437
10.1880142850525
11.203676731418
10.1636880579724
9.66658016397547
9.25719763314694
8.8227094361878
7.53321762926037
7.84704151660228
6.87510849241541
6.85654855376912
7.22884240157151
7.10060107386917
7.66191647587997
7.6425880704308
7.2299146003503
7.63581622223087
7.35838197933293
8.47653637662562
8.46159730673659
8.99758022831781
9.12373760935126
7.21763113729411
6.35073903649297
6.0799729203018
6.2273087182754
4.74314959729387
5.34948269337475
4.96507050121764
4.48692307274162
3.5012731461122
2.58034949926586
2.61494474080838
2.93605226201168
1.60806015763211
0.972202643502031
1.31066555209049
1.02361547546641
2.39270531714202
3.17962760970725
3.55498178462586
3.55664898904338
3.73190960149186
3.2839626036293
3.6798419411877
4.6145395120609
5.297914936459
4.7814549414626
3.7556747405133
3.68482011685674
3.96218911046129
4.81504785109124
3.97915996886548
4.20802535626035
4.35402040854853
5.10740241036911
5.08770763313271
4.85969691295894
4.13244408959128
3.80354566471911
3.57299706320519
5.05818895107092
6.60348797834589
6.49541417183656
5.83274276072972
4.5826160502274
4.906289925556
4.21458811346288
5.65784770747035
5.0954708352936
5.16370252309668
7.57146760738181
6.8671027576122
7.05887812959342
6.35599304600528
6.57332612221602
6.01839580563833
6.06487923493452
5.87469706822127
5.12399908869642
5.12909161232616
5.75418353650731
6.75999539719575
5.88911256185274
5.7288891013693
6.45988200171407
5.75260196110416
4.15113667190533
3.55755946666035
2.94440049690108
2.97325715962853
2.71672228823131
2.86204660626871
2.59377002165455
2.82934576200648
2.59673164654855
3.34837919742345
2.88071297347485
3.06339441617119
2.50254105392561
2.63309488576475
2.60185443618147
1.53542929293171
1.44359823761471
2.18945346004856
2.61953282961939
2.70908277309309
1.9539120092229
2.69261557408795
2.74163008682734
2.45480662562644
3.49233452991741
3.00420467489919
3.19486531086358
4.00422928738132
4.38350673398869
4.18757540163127
3.92126952725793
4.14430845004638
4.46740469818967
4.47738608958507
5.30945548135709
5.26569588668207
4.82068347953387
5.15859009052899
3.76399724438608
4.01039760816559
4.32309915268742
4.17914665523821
3.47093162158835
3.21972672695041
4.19863760992062
3.72671830898085
2.25052339368923
2.76333230762611
2.44517027628863
2.12107917329986
1.35156703036725
1.33675907426181
1.7797270454683
1.40745889759549
1.02316747104674
1.71633437468585
1.55910897643468
1.45735460967115
1.06099475132353
1.6300552199431
1.00061993711306
1.53733279376998
2.04628873048782
1.74973341624385
2.28562164378143
2.90879545419933
3.27168617184254
4.55100005049291
3.3080785188785
2.56999460050739
1.69837941099247
1.80375016139452
2.80523608866596
3.86530414467851
4.17258397119431
4.72663670336219
4.63311913314796
4.9278696695212
5.16385073051127
4.68046105815916
4.49309287036771
4.40601452959862
5.2857976210274
4.62783406852295
3.28875997409388
3.77334627934858
3.25565164121326
2.97853114444569
3.54952543388142
3.06548749427537
2.84855160121172
3.79762888871102
4.13024097242609
4.47150079822136
4.3832723779967
3.66258545507423
2.71457029772806
2.5722029835647
3.8371725015544
3.97585543759106
4.07822365118537
4.28696200322709
4.0416202884168
3.15535391825052
4.84637884530789
4.57647768313714
4.3857949139682
3.25046415555965
3.09230979596326
2.93466414077525
2.77189132272793
1.64062367939355
2.76868730073145
3.88296976766211
4.31755805500891
3.61966152188669
4.07010905273778
3.91259949368967
3.70878392418369
4.56911233188733
3.79070355023219
3.46586383697705
3.00202916928827
3.01332062363855
2.01734881139461
1.57171485450382
2.0238813787521
2.31729956735242
1.70042274617973
2.05342292432727
0.514065090730736
0.298517889227591
0.749360270678576
0.33224868566824
0.309092746171265
-0.698713626441371
-0.162242896353138
-1.33246666294343
-1.53662830873698
-1.69744673820727
-1.65823779228355
-2.17839633352305
-1.02030180772443
-1.92425210801701
-1.76275196518532
-3.62132300094157
-3.61834658001056
-3.29455843134684
-3.9792777733864
-3.53191054689107
-3.32116995914616
-2.70235777980213
-3.23465180943301
-3.84720657882051
-4.96608249780928
-5.16804421630092
-6.0127089344073
-5.57507576393024
-5.52776389078182
-4.1406317918156
-4.87117411475452
-4.12186049183526
-4.45374878535715
-5.37321972971171
-5.00869405867663
-5.91323823986683
-6.57823054685702
-7.03925991711339
-6.90305474712472
-7.53206646511871
-6.84736123891698
-7.60292027540518
-7.46286581594907
-7.36938448607042
-8.04047627312784
-8.30834532987607
-8.72002633183512
-8.10976407187957
-7.12238606841238
-7.77779457625531
-7.18613779068563
-7.23097953200745
-8.47225072129284
-8.94693726147968
-8.65170214891991
-8.55646797651934
-10.0976986952952
-9.72663385286068
-9.30845193910688
-9.49731685700909
-9.94102337327639
-8.69011533656755
-8.74355945388432
-8.74892731863102
-9.4559643025805
-10.3022844491619
-11.2614918289394
-11.5238633612064
-10.6585296098739
-9.5450689460458
-8.54932996597944
-7.72577000008411
-7.87294875570005
-8.64402010154881
-8.84788943653357
-10.3701178037435
-10.564429795344
-9.51040455416781
-9.42377837942996
-8.72690800821806
-8.41393084974494
-8.90319140271953
-7.79690636796922
-7.84336407767076
-8.45722112491701
-8.40914903941861
-9.3662320527508
-8.81618373218614
-8.49543755867637
-8.7164227982504
-9.0218457810932
-8.42607275620585
-9.09462838837503
-9.71321348985931
-9.44101028768848
-9.72266959103029
-9.13370552590559
-9.25567087363804
-8.49627846969386
-8.1794699681448
-9.59615734590229
-10.4368818871798
-9.62140885892218
-9.18066260427774
-9.78861447334626
-10.6358536886239
-9.97785195340395
-10.4872733253112
-9.34356716982299
-8.21940822988332
-9.13614807082453
-9.6673323597728
-10.4543382050641
-10.028126439776
-10.8404696187279
-12.1231826764931
-10.8399213145961
-10.1993518487507
-9.6784777660612
-10.0945494381088
-10.097646495446
-9.70168912808246
-10.5081349826424
-10.5825214919337
-10.4671397017385
-9.3923486950619
-8.98247136628654
-8.16792300307445
-8.07576612294259
-8.77614429287327
-8.98746441517787
-10.0367590350474
-9.44528689629417
-8.54542881198589
-8.58167874324476
-9.19862318059731
-8.50736954077843
-8.41584844425201
-8.65678202991835
-7.94270150050378
-8.42009300939115
-7.69005943126974
-8.21981217806882
-7.96897272075441
-7.40202866363276
-8.24355961161845
-7.98846679178461
-8.05584509589484
-7.62524477953796
-8.12094780840707
-8.1727144174697
-7.29521216415588
-7.18573154309657
-6.66222558132269
-6.79926670134903
-7.44759144132211
-7.45152241836314
-8.22329424234663
-9.8619299340505
-9.11856711114632
-9.80234117841541
-10.953336545245
-10.3194837256722
-10.3228579814676
-10.6979671337002
-10.8062321353874
-11.0713238986993
-10.4365530124209
-9.97216535068056
-11.0601935566728
-10.8322606456691
-10.368250417655
-9.94145776638922
-11.4707540769445
-11.6150188807698
-10.3583428280047
-9.85026237701673
-10.9273634482888
-11.9751889832115
-11.6597939544217
-11.7652123915709
-11.1525327715982
-10.9622394608527
-10.9066260695258
-10.7861054705961
-10.6766421115462
-11.4753364075935
-9.98479622492856
-10.8738329376262
-10.8802107943928
-11.2201164958336
-10.0771374457226
-9.43341565599866
-9.78616794401838
-9.65233395841108
-8.91137016704976
-7.49343086772355
-7.29926427581289
-7.95568363786521
-8.57454814156968
-7.30259051041472
-8.6092138636474
-6.67314901243292
-6.83577238185875
-7.12042160335129
-7.01792338977647
-6.4247893559443
-6.23069402189427
-7.46537977397714
-7.23879737438667
-6.95102837995694
-6.53111137187778
-7.18082667235852
-8.67752087958507
-8.87932995268392
-9.47300518960821
-9.95360735397696
-10.5528488846114
-10.8003478611421
-10.9928586751069
-10.4849682911367
-9.85690224078114
-10.3554654251566
-10.5466368734628
-10.3138204769159
-9.42502177631085
-9.45671381468661
-10.5273930671195
-10.3765456851019
-10.4477146204968
-9.32251262398743
-9.10158437058004
-9.49199501841444
-9.76617652659105
-10.0818478058473
-9.96015611507709
-9.84459564059007
-9.26142453742438
-9.05522242590784
-9.28351374652833
-9.87469515815951
-9.46932389992197
-9.50505735669894
-9.38561851286935
-8.68386039798341
-7.57230223448977
-8.17251981035348
-7.1294430224049
-7.67476166069624
-7.50323583860909
-7.3595950946413
-7.53178357555205
-6.6469678132752
-7.06104156553286
-6.64046048646473
-6.64618794315675
-7.23264933589219
-6.46151940767127
-7.77971721684349
-8.10937336992995
-9.08099820111338
-8.95446636618317
-8.7836490754483
-9.48768586214923
-9.07219198959548
-9.72182658272973
-9.30102221706484
-9.14688528870322
-8.69084630491086
-9.28091875624682
-9.21689921782181
-9.50592516061869
-10.431125436082
-10.3303855608236
-9.20442743055721
-9.61062170663681
-9.73315312583751
-9.29334385274622
-9.26676608755078
-8.03385908872312
-7.56439064086102
-6.0932243969674
-5.87011746096674
-6.58492127927146
-6.31581148973277
-6.89802588443536
-7.53218883863668
-7.64901005135363
-7.0552896638465
-6.83495976622616
-6.31739415528271
-5.73595471703099
-5.8423491657215
-7.35931658308068
-6.85299716508678
-5.47838663502211
-5.43927031315533
-6.29401774406622
-6.52395965194646
-7.11239088080514
-7.13588087953668
-6.70541574899618
-6.15475124849548
-6.00355160255674
-6.59184475946063
-6.07486218942122
-5.2196807154098
-3.79337712399468
-4.10407298622495
-3.80258887000024
-3.04611093667588
-3.11850745216904
-2.7853103520572
-2.64858417589498
-2.73255809412181
-2.62489055657282
-2.01369002332677
-1.75435006177664
-2.04864975129096
-3.46439342500377
-3.96584977738228
-3.97688416182769
-5.56555548643374
-4.16500042073108
-5.10491032875391
-5.83699230967626
-4.91270290812219
-6.29573698519439
-5.82579440920103
-6.04103434017031
-5.75029615933969
-5.19263034759395
-5.79673910575552
-6.24083588756438
-8.13377671926023
-8.73834606748851
-8.49439856465767
-8.17156801414974
-6.88627660359884
-6.84264837111212
-6.54666783460666
-6.49675519728453
-6.80205876575419
-6.32568515059346
-6.02954714768823
-5.94528264395987
-6.45864713116899
-6.48145704763025
-5.98465297445229
-5.55443283097039
-5.85746731768347
-6.27830884512816
-5.95147348870619
-5.28570401213902
-5.20702582558188
-5.40308683375672
-5.9579106741191
-6.22070782374375
-7.15599404201135
-7.59415439719292
-6.87330178644708
-6.16730501909447
-6.71556622863172
-6.57960164538672
-6.53308014364754
-7.5820183763994
-7.06616533799167
-8.2728125497278
-9.05801952783128
-8.42310801941965
-8.76181673560616
-8.89516007478905
-9.91740522422876
-10.8311084488374
-10.6048412050399
-10.7109924392335
-11.0807602500482
-11.9200408669856
-12.6092653580101
-11.3164766603307
-11.5184402191479
-11.0243089648944
-10.523417600517
-10.036489027659
-9.84602100116905
-10.6341420250867
-11.2683546013246
-10.7886257417721
-11.6117857083641
-11.2734953413232
-11.6064259980546
-11.8537385415984
-12.348364613072
-12.4889793020096
-11.92920330457
-11.6374655650451
-11.7798338150462
-11.22488207453
-10.1730433989706
-10.1730022459363
-9.87136938765644
-9.69145991618545
-10.3060634570579
-10.887965563181
-9.66944092763611
-9.10820413912761
-8.63522713559571
-8.53843942896937
-8.22803737008253
-8.12870396285092
-8.09889013690476
-7.95434590368186
-8.59023839889064
-7.06813610149785
-6.55810367632081
-6.71435829818267
-5.9445739625376
-6.33890897945922
-5.25414175162785
-5.50146383022422
-6.96750297942074
-6.10197124674518
-5.38344587972249
-5.87101314109297
-6.76066418532099
-7.91821703672681
-8.08518885016817
-9.24183304868327
-9.75325111960254
-9.64589772546985
-9.10096150163273
-9.6159113326908
-9.69023821747897
-9.52511869992535
-8.43416418066879
-9.03702667167613
-10.0480667611563
-11.2113134231863
-10.8553498406237
-10.8890304158383
-10.3963645492511
-10.4812806529673
-10.2284737129058
-10.0825740458088
-10.0636517574356
-10.4536224771513
-9.65127621390484
-9.90404974152848
-9.47838968582344
-9.37047138587718
-8.23998818779029
-7.78688098631894
-7.99734087356842
-7.99992824269279
-8.07598077347155
-9.39511756182331
-8.31783335597905
-7.64164870105466
-8.12344297410396
-7.87859080283833
-7.72245096410467
-8.43578193970234
-7.49010744094349
-7.64411665281608
-7.52495047447486
-7.26587758460485
-7.89171075371579
-8.57503985353073
-8.60231084474068
-8.2345213954339
-8.18453305857761
-7.73478006346942
-7.51982613193296
-7.17188466651945
-8.05629151378811
-7.62486251837022
-8.12132623472862
-8.41263051678522
-8.4755797332814
-9.51438203752206
-9.5735289806231
-9.8478899647596
-10.2983773513817
-10.6450163182958
-9.85304179184394
-10.6453123479379
-10.777275329792
-12.3363702782006
-12.7578178461178
-13.0697628970974
-12.0890825151501
-12.6926805294194
-13.2392182299565
-14.1178611262423
-13.9984952093505
-13.2629839491149
-14.0156979675628
-14.2793434412097
-13.4095022657024
-13.8369261376042
-13.397835378685
-13.1461325741342
-13.9664789946095
-13.1912648485253
-12.6830761358001
-12.9867692831848
-13.5533102367746
-13.7948112010068
-13.2744343661915
-13.625987171143
-14.8058882982972
-14.8903468179536
-14.3961957180659
-15.1235277869925
-15.2679493675096
-16.03482511802
-15.954536452432
-16.0319547605806
-16.0468461016267
-16.4340211491247
-16.8760883861468
-16.3181874775841
-16.245165080826
-16.3568952589029
-18.3825513635961
-19.1819704486323
-18.6917933392821
-18.9416091099319
-19.6982397331579
-19.9682124819551
-20.1977633174592
-20.506824228939
-20.1845361284187
-19.2145727510198
-18.5819627792629
-17.7864129039493
-17.9879247549013
-17.4467190996937
-18.0602272008035
-18.1410544577672
-16.7516057421188
-16.7530182456347
-16.9394113575458
-17.3021246280809
-16.807410747537
-15.4686166698812
-15.2017582251928
-15.3609159393793
-14.0431956338476
-14.5301538389243
-13.8086977796882
-14.0696563577283
-14.710238271695
-13.9338301998916
-15.0665252629859
-15.2554530316396
-15.2395381489402
-15.5131886217681
-16.542950398494
-16.9419909278152
-17.9199700015961
-16.696486522273
-17.8641700981896
-19.1890506858605
-18.7401433953051
-18.1587291022662
-18.2754194312228
-18.3989140251957
-17.9329968954554
-17.041196155574
-18.0403350803717
-17.208082553697
-17.0772306153549
-17.2850193624656
-16.4779579444667
-15.8770016953045
-15.0624027752198
-15.2405236576593
-14.743532888583
-14.550602162739
-14.8718876414608
-13.7545671390883
-13.6467802909695
-13.6759070148678
-13.3358856369301
-13.0840615286827
-13.5251969397403
-13.5534198817217
-11.8995382778979
-11.9406903732944
-12.1232928938662
-11.6540122933261
-11.39543196932
-11.7313252899733
-12.4114067912808
-11.8702455383224
-11.7903332529114
-11.4806171957576
-11.6602749332457
-12.7004971039978
-12.651717644243
-11.1347234985436
-12.0547751987155
-12.6727994764659
-13.5127249384805
-13.738249356266
-12.8590456751374
-12.9508684034253
-13.1073257499698
-13.9170821600683
-13.8702372207162
-13.2098912031396
-11.7751212655065
-10.938924284733
-11.4847997929974
-11.7984132472918
-11.4095052556067
-11.4112922027641
-11.2325935147526
-12.058071102571
-12.323009048309
-12.9039893360343
-13.486099336534
-13.9353775596571
-14.1921399989603
-14.1900478333325
-13.7837435408039
-14.1002642404914
-14.6366439770902
-13.6086351948506
-12.9746154336654
-12.5287015687359
-11.4485342316965
-12.0623331201865
-10.7617221731004
-9.98174282440686
-9.78357172489023
-9.38479544668477
-9.34224579388502
-9.40860128044871
-10.4017354747795
-9.92791972456955
-8.56902427214262
-7.24390819529145
-7.1336232705136
-7.19899772559207
-7.08101470160547
-6.35343368003036
-5.41656649373662
-5.15639333110819
-4.44959902346213
-4.46494345117095
-4.14837031286751
-3.3968463791185
-1.09361916609109
-1.12733595875229
-1.54945849114719
-1.26688499885877
-1.52304466696093
-1.12064710993372
-0.904374413259477
-0.0715954601486617
-0.678582768572061
-1.4407840471851
-0.448787481031431
-0.306124715672527
-0.889385988891391
-1.56814353559983
-1.91685833155417
-1.54265100862011
-1.87551219863496
-1.02610396434488
-0.871472638516101
-0.747238160589138
-0.756754803550226
-0.944656529026197
-1.05032827058028
-0.318486863712747
-1.16506817268434
-0.477269221461761
-0.69887047397241
-0.233911145252873
-0.270762144214698
-1.12182065573397
-0.901969770825286
-1.30537153357813
-0.593721220172991
-1.1169880660708
-2.24723270887594
-2.78645716632626
-3.14712151866297
-3.66822709688143
-3.81702118064557
-4.19201190800286
-4.45011127655502
-4.24089123236317
-4.97514961276562
-4.49238098334864
-4.49220048360435
-4.51458096860341
-5.80060475701632
-5.98879851281257
-6.33782444600809
-5.79941264329378
-4.91746075196167
-4.13678528753061
-4.83926701037406
-5.34079999178193
-5.39528101331363
-6.06330876169387
-7.07553956038097
-6.57221523805063
-6.5264803787403
-6.13529163770141
-6.89372437673321
-7.10628943101397
-7.84420959346934
-8.36563986777323
-8.21732718797778
-8.72948703683878
-9.35430535351536
-10.1766570990422
-11.0796679297559
-11.6209490112633
-10.538723399732
-10.9491663729937
-11.6488163618079
-12.5330765301223
-12.6233387325851
-12.8674812485171
-12.7029116202872
-12.8766297061242
-12.3227178727281
-11.8623631723523
-11.1897011654599
-11.0312210598458
-10.3220237411031
-10.3663111188942
-9.77213098310287
-9.86813855529123
-10.2952157626396
-11.0627573612467
-11.5066882015856
-11.9755920796805
-11.6064584245569
-11.6347664353662
-12.028772761279
-12.5921188664321
-11.6303754686854
-11.7754567184057
-12.5605591681295
-12.8274967280854
-12.7633579846646
-12.2313911965044
-12.2802146556614
-12.2045604965011
-12.857075684552
-12.348230840029
-12.280107104773
-11.8091007891394
-10.8260434914726
-10.7085535156241
-10.8829682491599
-11.3638974190928
-11.7239019105545
-12.2978179868121
-12.0589466257913
-12.9823681419905
-14.0810390333791
-14.4974959316345
-13.8059386773443
-13.7227307507408
-14.0298324223564
-13.6007357382863
-13.8175901891755
-13.8847831437126
-13.8330682353466
-13.1389334812055
-12.3161856586366
-11.5001278215245
-10.876318312209
-10.6635927977165
-9.47054135270876
-8.17471034259301
-7.33117498186313
-7.46717316081591
-8.12197004321362
-7.99668909771725
-8.34465266116483
-8.16739529055501
-8.51230358094409
-7.92624274368399
-6.53833869206628
-5.92603951875014
-5.45450190385921
-5.42869373693127
-4.04724193013195
-4.09595713558623
-3.22387334804205
-2.22626605176164
-2.12394423813598
-4.18061169247119
-4.38760580968231
-4.09676177848183
-4.91991070950571
-5.73455252943451
-5.15901383300565
-6.92527154247194
-6.77478475845848
-6.94222811226963
-7.35595168416373
-7.31294590623152
-7.27556654963467
-7.11643390994342
-7.03514036793761
-7.37085237251536
-7.2044252867099
-6.32387936620327
-5.89939417488518
-4.95021720951881
-5.12208675444062
-4.75126837700383
-4.43101598510977
-4.89931468685218
-5.41399370889204
-4.22895685084853
-4.75046603220695
-4.14728234336206
-4.31396560632746
-5.00736062605859
-5.97568205426819
-6.73622912551872
-7.96683890529386
-8.5227681770116
-7.90372306948535
-8.26800010291059
-7.16626476457649
-7.27260771888234
-7.86293724150575
-8.03978490112698
-8.40909674403377
-8.68649999157174
-8.64508022678143
-8.58961351126547
-8.10652495652437
-7.7619695025111
-7.26766961421969
-7.18116984587255
-7.68860380039287
-7.40133441129717
-7.13739650541209
-7.38980948497732
-7.63230213919134
-6.93659166859857
-6.08602301312144
-6.01123218302584
-6.25691761927083
-5.2093719933936
-5.9938716774428
-6.56822669055098
-6.02798470360633
-6.61079283233806
-6.04299813281041
-6.63572774793396
-6.29221022341913
-6.40478405409998
-5.83821879175428
-4.9952184216122
-5.05865805750848
-4.66763357867601
-5.80404253307641
-5.967870236189
-6.73084401267189
-6.59882890551598
-6.60504002276819
-6.7511520790415
-6.86755479286782
-6.26316353153252
-6.35806576952382
-5.18279534844266
-6.38502340750484
-6.15522831401684
-4.81541689828238
-5.53180146125367
-6.0331852437934
-6.28221696781131
-6.22169270352819
-6.3701674140973
-6.65978999964469
-5.43880130994546
-5.35943154657557
-4.66661434558497
-6.5445683828219
-5.82823141234635
-4.99611838015784
-5.29934801517432
-5.4394415923295
-4.38247841869305
-4.35465653853963
-3.69631525163703
-3.32317870148357
-3.42196687328733
-3.60532912301254
-4.50190994565611
-5.85250024596827
-5.86438956168687
-5.6914256738601
-6.00725488245139
-5.60589435681262
-5.30351060769614
-5.51684091148447
-5.4832633944026
-4.66187371854578
-4.46102315012079
-3.95227977656811
-3.64328822684109
-2.55049027540966
-2.48468584985561
-3.10971990937309
-3.39968461121696
-3.24801441202366
-3.41709699629848
-3.52296556683313
-3.10105632038638
-3.59031736455362
-4.80272855734446
-3.52366943021478
-3.24700866471456
-2.58152477378299
-2.77789092147264
-2.71757078514398
-4.07827926119554
-3.85023325129064
-3.5527894698209
-4.12480872348368
-4.45794908245074
-3.60641337553108
-3.30807464414434
-3.4668291272203
-3.23200070891577
-4.08244032126233
-3.33961030201383
-4.5454653184354
-5.17887965681096
-4.74883334347642
-4.01814154832628
-5.11242788725608
-4.73008180329247
-4.51211113941369
-4.53261996431727
-4.92682844706733
-5.46622144255397
-5.36804221818049
-4.60291791737587
-5.54253606730342
-6.20463397771636
-5.16626957811166
-5.92778825219578
-7.58634344813029
-7.57226417146645
-7.35154784909585
-7.34056249846894
-7.89004464216047
-7.67008268808928
-7.77920452152503
-7.19332728045079
-7.00011599752662
-6.55877966353743
-6.35030964402446
-6.08969539348997
-5.60669307712136
-7.05097329650967
-6.72064323395074
-7.57002200116655
-7.33731153061224
-6.50285407322641
-6.78378648499415
-7.29220105914377
-7.34384516817793
-6.33819727833439
-6.27174765726418
-6.17515347448379
-6.51827904185668
-6.84940307452425
-6.93512585486936
-7.93758384627369
-7.15389280604021
-7.36319152349295
-8.6257913519287
-8.63338269878029
-8.78233019201405
-9.9121708686315
-8.61186726504606
-9.31501297702554
-10.1673468693363
-9.87785128735749
-9.22042974614694
-9.34063056576952
-9.19313060193502
-9.88654567897997
-9.27842060434783
-9.07685789000016
-9.00934552476436
-8.53259205418693
-7.89738067316773
-8.35750508038319
-8.05001722341431
-8.67258053765473
-7.25901455131766
-6.9672453564049
-6.9871101336897
-7.29449849245697
-7.43107926648321
-8.12457278693235
-8.08118070708703
-7.70889403033812
-8.03048711492028
-8.54117800465312
-9.56823392114653
-9.20459906628917
-8.98981412783662
-9.11987032390189
-9.46476731054563
-9.29757947836013
-10.1636199011119
-11.091005962077
-12.0006004122321
-12.2242990348786
-11.7193204238366
-11.2626433872482
-11.6155727983567
-10.7140955785308
-11.4344501548016
-11.7415617331507
-12.200488074201
-12.0949006688739
-13.1976143833231
-12.4429825011782
-11.6746114947727
-11.0516219252216
-11.0990574085527
-10.363332587479
-10.0513102182912
-9.44086055303605
-9.32463844010311
-9.13607289827536
-10.4690124761969
-10.8051162489044
-10.159468111704
-10.0913557794821
-10.8580974562361
-11.4598849216271
-11.8068181614879
-10.4601032756155
-10.569501915436
-10.973040590311
-12.2921175567662
-13.4900494422596
-12.7116344736934
-13.244908897035
-12.2142722016007
-12.4175293804303
-13.8839129440835
-12.4913856623602
-13.1710095574832
-13.485991948673
-13.4199330770176
-13.4905642859302
-14.4456578039239
-15.3952574204048
-14.506441260044
-14.9486840610874
-14.4190703958557
-13.3332231410888
-13.8206780511014
-14.262232006452
-15.5169493312287
-14.3091551280757
-14.7816987259794
-15.0148262702397
-15.8714610993751
-15.3958569725438
-14.3708279491023
-14.2212671692187
-14.4688870159863
-15.5190348211091
-14.5700250515833
-14.1268619891046
-14.1471276761144
-13.3797742604912
-12.5531693786484
-12.8404798226767
-13.6105910185794
-12.9959233947137
-12.5522997493641
-12.8643877109782
-10.8644952853464
-12.4723462447309
-12.4725042830033
-11.7472871651349
-10.8050700262256
-10.1835694238885
-10.0856710324531
-9.58268705621106
-9.22620865442635
-9.23984390639127
-9.79085887853014
-9.01772262361671
-9.23626542146633
-9.41876147097328
-9.25489555842568
-9.24392163545913
-10.4898195638176
-10.7552563309521
-10.3637000869997
-9.58111941492664
-10.3810163955006
-10.7883115172211
-12.329190195
-11.6939858473784
-11.686074173709
-11.1811117561747
-11.5328329145103
-11.3929842165539
-10.7704656867016
-10.914253985176
-10.3731482214145
-9.9553914545989
-10.9573741102209
-10.7572947884262
-12.3252650590412
-12.4964353067615
-12.8408265198115
-12.2816325339731
-12.0911044948483
-12.463984440447
-12.5584231352383
-12.4369109056932
-13.0726338429014
-13.4973755116086
-14.2779250125172
-15.2430449341739
-15.5686959492649
-15.5741862183123
-16.5597398972675
-16.2572206217925
-16.6730897930206
-16.4696747978642
-16.3729297567617
-16.6029409131578
-17.8263791827146
-18.8297110165522
-20.4290322513266
-19.5594263205627
-19.7797077590708
-18.547110684496
-19.4604736019692
-18.5154499493635
-17.8274459524352
-18.2993927039495
-17.8404455939464
-17.4656094907111
-17.5514195906857
-16.5913000610264
-16.7614555076064
-15.4722963460097
-16.2223599291985
-15.385888274851
-15.7111453698203
-15.4808138498958
-15.5199524505963
-15.5979523226848
-15.6474181707471
-15.0606985166321
-15.0347903005518
-14.169313220115
-14.0918650521867
-13.9759871666634
-14.004220749595
-14.2672596297015
-14.1300579145503
-13.4964262991458
-12.9762988047858
-12.341179043832
-11.2403588724717
-11.0100495190778
-10.9071555174803
-9.920722879541
-9.95727577463087
-10.5909463954218
-11.1514267303286
-11.5609175526241
-12.4630970672362
-11.5611732887854
-11.9321550938802
-11.2196823279812
-9.707368881527
-9.95854670819705
-9.72048608427302
-10.080445138916
-8.23013055250663
-8.90920412751169
-8.16029708520353
-7.60704788180054
-7.01508377877237
-6.3642124342948
-5.97398728408884
-5.58694450761623
-6.14942403146132
-5.8610718419573
-6.09571628471752
-4.29698719122453
-3.83206210522429
-3.29893843443398
-4.70145011986772
-5.53913135236562
-6.15461016128644
-6.52344770021052
-6.88008116841773
-6.47025485222542
-6.61775294324936
-6.80394316617395
-6.04887616762249
-7.38026814826923
-7.42366364983537
-6.87463026332951
-6.19217573191171
-6.31989149638273
-6.59160500688861
-6.70421680540289
-6.97417321014769
-7.23993023793597
-8.09326500957549
-8.21436526662534
-8.06301147465653
-8.41219447320304
-9.11295832449882
-10.1406175369844
-10.3818426492542
-9.288201763615
-9.63771308738874
-10.0365176762909
-8.27339938968599
-9.50796733656058
-9.41402159310458
-8.98999004305837
-9.28910465244664
-8.53675798552953
-8.02394001173224
-7.98700932478784
-8.72210921918209
-8.51411578063206
-8.71359113144077
-9.27042984062563
-9.17104495203447
-8.80095490110028
-8.8475040163087
-8.30715722834229
-9.89195138550963
-9.42094066868719
-9.77830078692502
-9.59316628056861
-8.86351048752869
-8.77170041016413
-8.71194960432029
-10.3719236346408
-11.1376129141691
-10.6593521761723
-11.5506030461453
-11.6170598411108
-11.4201262930372
-11.6394555994201
-12.1731728387854
-13.0924305642994
-12.9200660500856
-14.1212171069277
-14.700736252823
-14.7654198397609
-15.3699815238993
-15.4668598568431
-14.9166449487837
-14.8992316204467
-14.8064595282642
-13.7893126036005
-13.8541897160271
-13.6681098937523
-14.9173774386185
-14.8919686666452
-15.3666811738677
-16.1346684320983
-15.4942622302059
-15.5016885173688
-14.897614131382
-15.4662353812174
-16.9793349745167
-16.8694921709898
-16.266206668078
-14.6503507647179
-14.083381810554
-13.4070693584938
-13.7911396894871
-13.5624582118543
-13.8576571328495
-13.5851821840776
-14.3282966457804
-14.5652698741173
-15.4826174798985
-15.4474749038747
-15.1551375417181
-15.1126676335255
-15.5105680271719
-15.6553191201164
-16.6881198440722
-16.8222131148261
-17.9384523187513
-17.941058433598
-16.8264227276228
-16.3743128584025
-15.4310842686092
-14.5692703906352
-14.7721263409849
-14.5363207011236
-15.6864215790928
-15.1148723318265
-15.5636409257889
-14.962585020674
-16.140023956365
-15.408139733044
-15.7200959776655
-14.811990628105
-14.8182974937438
-15.2159234328658
-14.8947028128428
-14.9255834016118
-15.3156674336074
-15.8753490158497
-14.3447429607671
-14.9396147206878
-14.580000415019
-14.7078788048941
-15.3457435535823
-16.218839237881
-17.1538435438957
-18.0362427132376
-18.9753306241034
-18.5337837063731
-18.676111395988
-17.4042722627537
-16.9968152457536
-15.9476048632292
-15.6232786342156
-15.082308780663
-14.7807626568935
-15.0291323010478
-14.439031075674
-14.4383502977759
-13.7787523976485
-14.2786531770798
-13.6378089862562
-13.8296631376329
-14.3845814798495
-15.5945683903827
-14.5639418672046
-14.2297011666342
-14.2593318845196
-13.8131749816407
-13.773803424522
-14.5969899494844
-15.9338960268216
-16.0591229231265
-16.2505228765208
-16.9133096961537
-16.6426690011642
-16.8355210014671
-16.3066636762507
-15.4834688672535
-15.8726265810916
-16.4197689367152
-16.3225341376061
-15.4146360562001
-16.5056220729628
-17.0286410256937
-17.4745112704543
-17.2304638775099
-15.7162227377606
-16.0033405675874
-16.2666817700949
-17.3373070873131
-17.9890729288977
-17.4956866203338
-17.9600703415327
-18.2605579019067
-18.4765354286602
-18.5085471257934
-17.4768091711368
-16.681645149498
-15.4046286623437
-16.5713046904755
-16.8573224395563
-16.1908627207071
-16.3765500968499
-16.1688275784389
-16.5726649467037
-17.7480347716322
-18.5043072210336
-17.2969741438848
-17.4554965884121
-16.3176954622307
-15.7626393750331
-15.3119831184041
-14.279046378819
-15.2790394327427
-15.6587201350864
-15.850593033145
-16.427458869011
-16.5831004648247
-17.8937801623795
-18.7829095242899
-18.3891045320313
-18.2289977254764
-17.3970063608025
-17.6016220079425
-17.8377857433287
-18.0970207946156
-18.695899055008
-18.5308657079914
-19.2690421408612
-18.9478938104406
-19.0527047243922
-18.5550988790024
-17.7584062499564
-18.0145414782608
-18.2791131473006
-18.3012266377566
-18.7104360103012
-17.6893886709967
-17.7225826549991
-17.1659987783578
-16.9198267130022
-16.0176989683865
-16.1434920173405
-17.8307787379979
-17.4383668676396
-18.0851229690838
-17.7633109164005
-18.3721491878794
-18.4245496089357
-18.7675454138015
-18.9154703989054
-19.322026991332
-19.9365112487337
-19.8043176591994
-20.5657947281729
-20.7378453467504
-20.9195057388284
-21.3150370050186
-20.2042371968544
-21.3784682502843
-21.350194058569
-22.1063649010434
-22.9456774458453
-22.9654069630779
-21.5724137151308
-20.6643723966827
-20.5402110552625
-20.9449459565209
-19.6447400391613
-19.7851873965356
-20.3410598465963
-21.1914630269565
-21.5523581736532
-20.488741245702
-19.7938613574274
-19.433331937184
-20.460782575585
-20.6243339915531
-19.9255702226703
-20.1160349796966
-20.5393383524697
-20.4981838988479
-20.9385831002255
-21.154544902652
-19.6313309982669
-19.2749891831186
-18.4774776397246
-18.4387989770838
-18.7195378258221
-18.2959642189133
-19.2281379158444
-18.2912527651154
-18.4241903403022
-20.3282930511256
-20.8698260157821
-21.1232460889563
-19.856704694427
-19.8987195279855
-20.8292158661865
-21.0023173632238
-21.5637739034871
-22.5506442241762
-22.9643034420693
-24.1290592359859
-22.4219457152328
-22.2369982497542
-21.8327747134775
-22.5522714592993
-21.7237985944594
-21.3848860335943
-21.9699716018826
-22.0293230202463
-22.2732604492637
-21.4505697501515
-21.5454903006507
-20.8505124906503
-20.3805860344102
-20.5616490594477
-20.5849957033192
-21.1221978737128
-21.4287106471869
-22.3029953615846
-22.5624738770093
-22.7842238981766
-22.9130365526459
-21.3231424732696
-21.2227971865476
-22.1489530306122
-21.5523882655692
-21.7259275670248
-20.8258717894332
-20.7835355708993
-19.7590129865578
-19.7620047709802
-20.0972950384957
-18.8378210016333
-19.6942913730904
-19.4176856021883
-20.0273905695568
-19.2648780722978
-18.9782847635173
-19.2420785748934
-19.4732375978107
-18.9033850349199
-19.5693926875489
-20.053154399125
-19.7871781581165
-19.3047498164317
-20.3816911604553
-20.2519459437221
-20.9785897784088
-21.3761264319594
-20.5375165568732
-19.8958719769886
-20.0103113812249
-20.5925000987569
-20.3879935244381
-19.3784577502815
-18.7976073086829
-18.5363832631854
-18.4810934442244
-17.8036212213379
-17.2165772386198
-16.6978613732853
-17.141251675604
-18.8354382002912
-19.1865360531502
-18.3571759498658
-18.4701840195388
-18.8663331442786
-20.1460764067673
-20.5202566158153
-21.0231749706941
-21.3985265488637
-21.335001173933
-21.4746496258448
-20.6675676464812
-21.648333373481
-22.5842283666508
-23.2690836628344
-23.278184753088
-21.8941144269101
-21.0190273844583
-21.2499287160775
-21.7339502496668
-20.9257789101667
-20.7226039987907
-20.9789986658957
-20.9944145454818
-20.235103233184
-20.2938329848649
-20.1576801087603
-19.656043379914
-19.9910619096474
-21.2647569517784
-21.2699576212913
-20.4884102424073
-20.5900607872084
-20.1618659464423
-20.500284498993
-21.0723256568552
-20.787446775003
-21.0226072927053
-20.4814333288652
-19.8705003212824
-20.1222584846562
-20.0504528289487
-19.4600956160113
-18.5291825095768
-18.7727560926526
-19.0707760301619
-19.263142259318
-18.4901633118295
-18.9589940228224
-19.3620430852134
-19.5150965789449
-20.327186638691
-20.5876324902758
-20.8318456859882
-20.7856447302712
-20.3468319915319
-19.3461037839868
-18.825248463392
-19.6217387961301
-18.6622495136204
-18.1444011574836
-18.09630132827
-17.2390086031614
-16.8893867560951
-16.9800702887816
-17.3415771352924
-16.7739126187467
-18.1656615102671
-18.2563551958879
-18.9619017901526
-20.2319512242082
-20.0830567638372
-20.1559165782799
-21.4279727567518
-21.5962860219815
-21.321617319725
-20.9064925380076
-20.7119468069797
-20.2488368612523
-20.1189866644815
-19.8785498393666
-19.9423181947886
-20.5899406341316
-20.4219519791798
-19.8303142423181
-18.38358629283
-18.6554231860751
-18.6405283787287
-19.978300706959
-20.4712866258844
-19.6479779845978
-19.800975337785
-19.4332600170565
-19.003354059371
-19.5963478544646
-19.5787007696885
-19.4238028841716
-19.6131628968255
-19.4751905019403
-19.8810180742246
-20.6024498838515
-20.2605943540899
-19.3708982643943
-19.2482766550938
-19.2844074763405
-19.4629299760549
-18.5608334960388
-17.8577095132053
-16.9623387702709
-16.5614503783495
-16.3815690977013
-16.0590127242963
-15.8860373411441
-16.638704369881
-15.2711424951724
-15.9894926243138
-15.3808058226342
-16.1563204915407
-16.7151760360186
-17.1568446388201
-17.9074467388621
-17.9446127849128
-18.4745347906466
-18.3679358777912
-17.084663357451
-16.6113349591587
-17.6745453877982
-17.3653410682887
-17.3111615631281
-16.0757356516823
-15.7498221005077
-15.9069876259556
-16.6990819427047
-16.6628099444566
-15.9035412269585
-16.4626147663437
-16.9400424406623
-16.3105981202078
-15.724256456377
-15.901090872661
-16.2030592807773
-16.3685001070046
-15.6623193043108
-15.6189777783599
-15.4491416335384
-14.4111704908804
-13.8555690444392
-13.0803003424589
-11.9869934312843
-12.1800164474747
-12.2397717215757
-12.1291264197907
-11.8354908721369
-12.1479804026857
-11.9995917684825
-12.4429708700002
-12.2144286224348
-12.8086031728564
-12.9504326744282
-12.0651554133071
-12.2780352689639
-12.7142124475319
-12.338878793069
-14.2282126967646
-14.1580199645034
-14.0215907560906
-12.5332367822244
-12.8829545667259
-13.3851707305443
-11.9343820269366
-11.6973431840199
-11.6963742038223
-11.3678295889445
-11.6462330848592
-12.4074987592254
-11.914941750811
-11.8538816222671
-11.9117010489539
-12.7390737717543
-13.2371702576725
-12.9267910109981
-13.5234840866921
-13.2021400103209
-12.4112523199997
-11.8071754511481
-12.6428271117286
-12.5574754581928
-12.5461814295106
-11.9688147854216
-11.7216598719391
-12.5444950264702
-12.7534744912517
-12.0354765193655
-11.4394872175796
-10.277140912849
-10.8932998526329
-11.3131589313406
-11.5453800659411
-10.9112448789773
-10.8422791538103
-9.90004627784916
-9.54188037165822
-9.44796972249325
-8.28700452516607
-7.95582616662719
-7.51506413173603
-7.49434300397021
-7.59572898534512
-8.04871330067359
-8.85619443083306
-8.99359392259885
-8.9727185716739
-7.81323615048166
-7.06481772176181
-7.28734274940622
-6.69384423284322
-7.37759548398596
-7.29887220239444
-6.99758511565346
-8.06830874114098
-7.31074804849269
-7.74282674170244
-8.88476282202051
-9.6671604900518
-10.9097086585258
-11.1659396434982
-10.6391889207534
-10.9900941985951
-11.7616055388804
-11.9678779205678
-11.9591856631949
-11.7984640810724
-11.5106778926179
-11.6610365715091
-11.7047128800955
-10.9897521201661
-9.98560190917245
-10.5051931445444
-10.1903215404974
-10.1744962999967
-9.33498551405598
-8.74292194460379
-8.05876592162051
-8.2454502258247
-7.58140005787831
-7.12986727958675
-7.92985910537484
-8.51618994080828
-7.64403799532328
-7.93257580257976
-7.09728348150637
-6.67769766399035
-7.35238067734691
-7.6903246732577
-8.50778885373258
-8.38407151796463
-10.6193486116239
-9.8489457577977
-9.66103509828575
-9.14186433550705
-9.27882814015925
-8.36764990455357
-8.24438350480014
-8.86189615811018
-8.90787341049386
-8.33463115235242
-9.24589427147986
-9.28740199812113
-9.78721246720886
-10.7607193327547
-9.43066160980221
-9.32105037915711
-8.99217742029411
-8.90927396413365
-9.9057791672336
-9.85562182270115
-8.99932119106837
-8.1258424024567
-8.4496230128455
-7.48754992305787
-6.53642454265521
-6.018626261946
-4.96277017742654
-4.31886250127409
-3.98373213540296
-5.21222417794805
-4.77481365816819
-4.72462750518828
-5.25241892152434
-5.34530459177832
-5.97322722973739
-5.2013924542115
-5.3079900766662
-6.14953724985793
-6.05754657456433
-6.8718836224615
-7.71187376641048
-8.85067707968538
-9.2759673888847
-9.57163492004825
-8.9180106509857
-9.29226451935193
-8.55499445855715
-9.39477917680174
-9.97652055468816
-10.6521003326112
-11.5656061475554
-11.9333268190158
-12.0015289188334
-12.4523308483703
-12.445262650018
-11.815822403093
-11.208043786354
-12.2842381664165
-12.0937627864263
-12.8156178822178
-12.9213572319724
-12.8939548401039
-13.3105100232251
-13.8210714590789
-13.7384610145686
-13.6916320964297
-14.7779966428178
-15.3638023842917
-14.5363157682635
-14.903639666339
-14.5464800943039
-14.663954582161
-15.0932977399432
-15.0349572056379
-14.9225978286906
-14.4071563046036
-14.5356010556145
-15.0689105060816
-15.8829721017392
-17.486003805231
-17.1398500576629
-17.118153127618
-16.4491685738148
-16.762867462138
-16.3463551795952
-16.03262110095
-16.7895828362185
-16.7847455230466
-15.7744133904459
-16.3962738004672
-16.3517536936614
-15.9294275421126
-16.0704861870049
-15.5924493889689
-15.244004695081
-15.7661080746215
-15.6745391219385
-15.8481529750977
-15.5466562579079
-16.2402006848514
-16.3018971882942
-16.2636032932466
-16.0604806696213
-15.9409180948914
-16.6048061203925
-17.2139447384808
-17.5620795421754
-18.3664310647026
-17.1026244471338
-17.0507622208177
-17.2982485069625
-17.4151423439392
-17.6568715760308
-17.7068155920095
-17.821994042658
-18.2147644970089
-18.4425521840741
-18.8985069469132
-19.4053159608786
-19.0258267080355
-19.3547607877224
