0
-1.06432854583845
-1.32813500829174
-2.1458069094286
-2.75983210098998
-2.52804964831944
-2.84212956184027
-2.99660818642008
-2.91831097306213
-2.00678732646292
-2.2213715633263
-2.76796830855692
-3.31859583354775
-2.8907131447343
-2.5493681917528
-1.28490788272511
-1.77131312256106
-2.01493854812681
-1.35161945039709
-2.24004075711569
-2.54804477959993
-3.03161202220865
-2.69901595206636
-3.05564417210992
-3.29607374066466
-3.75253144144111
-3.78757353754273
-4.47060013127234
-3.60555723919011
-2.64403095903461
-2.88297758575353
-1.83535724762583
-0.526258121267163
-0.0167843770535934
-0.543572923836809
-0.519304239870356
0.361697825751644
0.609621212611706
0.487171980059941
0.845356476801118
1.22334686018789
0.173745359208554
-0.189430637907124
0.994471815700714
0.656566058816118
0.328403085215099
0.273898465552654
0.364860707157153
0.719178786316997
-0.412011351123621
-1.15227010801825
-1.09201900155514
-1.98157892300773
-1.77423774794382
-1.71929552429586
-1.93189915683037
-1.86139866167295
-2.23060024192252
-2.41690146666712
-2.4518674167628
-2.99512264351597
-2.63879241305819
-2.8756183770199
-3.34037322507352
-3.30461918552224
-3.69947893900875
-3.57364125375899
-2.49948762546202
-2.93956748130826
-3.2279647296766
-3.43513160790151
-2.85372472588625
-1.49696122707959
-0.621701584890789
-0.261638865090146
-0.706032286516106
0.719940963389394
0.0671507009795695
0.0981105876177323
-0.848465293646823
-0.809680779444327
-0.0933411183499131
-0.479539504555194
0.118461794372599
0.827038596063536
-0.58057219682093
-0.0395988959684405
0.246061281230497
-0.180155637498894
0.00365565790595576
-0.294854247094796
-0.116314843032766
-0.966653109411412
-0.192850699370354
-0.172763320358182
-0.392319608501811
-0.98451460824157
-2.12647847845631
-0.522879166670464
-0.338978307355107
-0.0145089184032949
-0.0105523727350582
0.0847138668490981
-0.767602880188013
-0.792847630477837
-0.253623442244287
-0.52497874114108
-0.613621064790594
-0.907151342128682
0.603124043866237
1.04073476284832
1.10425207613474
1.70031779562576
1.75998797134446
1.75009755945262
0.926171323931988
-0.181719613628132
-0.446308135975592
-0.446420883713805
-0.919695420553094
-0.94086847523752
-0.103393732495281
0.670252890607986
0.702026701660043
0.62263308915744
1.24510539847737
1.20990694843094
1.4442367276686
1.22025580344549
0.925331767875374
1.91445001595136
1.88489187750135
2.53880930138544
0.637878637634789
0.0718420447578404
0.0113292533668943
0.201533367122124
-0.522635677577644
-0.2743743456961
-0.251281098989351
1.30008268018546
0.726027311824643
0.618148284159919
0.454760388538883
0.446250198221009
-0.286310879608144
-0.477425766630912
-0.518235443641806
-1.24261363032495
-2.05747427031047
-1.31786130224591
-0.732237764282304
-1.04647469229439
-0.797170616095634
-1.7617646485595
-1.60830120816998
-1.43641479888573
-1.67740659197449
-1.17223788463736
-1.03348696888978
0.0422077899935474
-0.734098409937414
-0.507414174449654
0.358021708597437
1.34322909553213
0.511268719287424
0.163565665332686
-0.639748993997838
-1.13877995057193
-0.679635426151971
-0.777700143566909
-1.40012320577981
-0.423429310732418
0.284380000900508
-0.924296090829796
-1.24660266515912
-0.121704929001826
-0.832270682968742
-0.0771488184716828
-0.582101634064318
-0.636309600431977
-0.568514400933741
0.257135674205373
-0.37299376047005
0.444067365935475
0.779672874674397
0.838423031454293
0.797938895273716
0.402008476354372
0.426839889840624
0.815734182001036
0.258286827869621
0.703119837669001
0.0989132851974537
0.143640694421222
0.143267272430612
0.69706815728105
1.4525526189666
1.50926211225384
2.55031096384817
2.43521382997827
2.38663875875899
2.06525024999645
1.96280692967762
1.3361541136475
0.096395552750089
0.579215885928399
0.944490890956253
0.865074123065823
1.28548155491689
0.680230303522114
0.992512223675608
0.0742855423482299
0.256144213026671
-0.268681236041127
-0.0181772162594722
-0.547318778228058
-0.0545707043227619
0.181539731788219
-0.578607291700123
-0.695119154879912
-0.844748643344417
-0.975565700649737
-0.100638715126748
-0.0576599952554951
-0.362025132847061
-0.219284595618863
1.09360831216272
0.749799529092059
0.948070581295369
2.46586934951695
2.10015755837732
1.89520872749149
0.575546107977272
1.76429063451404
2.18221740089262
1.20713776262068
-0.4298998620347
-0.939331163754046
-0.164568136028702
-0.154297154943788
-0.657978708774097
-0.0602977246610785
0.616118420027484
0.701962255894871
0.0765286409581265
1.06985912959786
0.59185920537915
0.491144786888074
-0.308958418672582
0.116673994587143
-0.0855330100914676
-0.10733300492304
0.24891746820968
0.564757558323392
0.780193867141197
-0.444052290654503
-0.412627451755756
-0.942189748486163
-1.78068368834951
-2.90975442787851
-2.74180985149212
-3.26530453690158
-4.18841741392377
-3.1216931421706
-4.09716090389844
-4.21624965802837
-3.57185444792551
-3.22439271294301
-2.74550162615047
-3.00991091200219
-1.86346781520022
-1.93279999099247
-1.70418131875156
-1.77073566468626
-2.20813608997976
-1.53903297658677
-1.05545726149292
-2.46573620060084
-2.21632437169651
-2.69849273196581
-2.79871607174456
-1.9212019430073
-1.85817399930376
-1.45660806742637
-1.80371270413881
-1.40440433031837
-1.70538523391324
-1.54398304678523
-1.17695065753428
-1.55521230668702
-1.85360285588937
-2.02178989598711
-2.07853562258239
-1.75275336443073
-1.89075518508341
-2.03580838788297
-2.13811607616032
-3.28717117656315
-2.74498827228415
-3.23776253530728
-3.70633077277411
-3.78224811765314
-3.3925473644755
-4.44683041067141
-4.63130357824999
-4.70755779539724
-5.59286961148642
-6.98798223958263
-6.99869200257688
-7.39699428824133
-6.78989824711673
-7.33180036601632
-5.68840642570533
-5.39220673392095
-4.67473643391204
-4.39815617739289
-3.56206357816242
-3.73374784630494
-3.95649677344647
-4.1517878418465
-4.27412577642523
-4.42713611607576
-4.2535374416019
-4.62805803551751
-5.27988250815126
-5.52596554009456
-5.01738263663386
-5.11400099552187
-5.48508033920633
-5.43310992720469
-5.15075314491094
-4.77761230393082
-5.0120088783775
-4.88783298205345
-4.43250794116797
-4.60339828673226
-3.68243614089666
-3.33854445837003
-3.38070646094371
-3.56492738568026
-4.08682153372205
-5.24429869206723
-5.40837923095643
-6.44875937219908
-6.22548278574431
-6.29581265529689
-5.96873491988535
-5.20513908629902
-4.91405294239731
-5.979190858631
-5.53154833250975
-4.76346565594973
-4.86622633768041
-4.67576467096548
-4.67774963495992
-5.33207863849304
-4.24427640742672
-4.62866098109535
-4.49364912680911
-3.81757286690426
-4.11405009296908
-4.2068193588392
-3.88199976519502
-3.47440581333242
-3.45950397859198
-3.82881450801569
-4.18778873621538
-3.77740434248379
-3.62136828057655
-4.04771012679658
-4.32780228976311
-3.78130356752645
-3.33536523193676
-3.89791687531085
-4.78788375872238
-5.38923042021168
-4.86443091376823
-4.34985766812375
-4.35196177783158
-5.04825912504003
-6.06722058861542
-5.84666110433774
-5.29489435436416
-5.21704948277007
-6.63996019624465
-6.72199486615551
-5.77291789056492
-5.98222008886264
-6.42571201544036
-5.75953901797226
-5.70772922535059
-5.69436579612485
-5.56642715740171
-4.88673767802342
-4.9112516698666
-4.99766153487883
-4.35540590084944
-4.92410085564326
-4.72820260750821
-3.97581725806433
-4.26215570164776
-4.96172782770666
-5.25613616017131
-5.2760224607437
-4.42830045746146
-3.85531666307386
-4.73119494410461
-5.36481477818662
-5.64197761588513
-5.58409795202955
-6.12513313271521
-5.34229324369214
-5.32004327462609
-6.19428940912471
-5.31681670517561
-4.1289401292168
-5.28470981023463
-5.0570678748866
-4.87379456322245
-3.73075555576844
-4.17753148658275
-4.30705989802743
-4.16216752834175
-4.41867478206564
-4.0637133618435
-3.39593759724719
-3.44975370388373
-2.88459730026868
-3.01134742589312
-1.79540662298122
-2.75371804350725
-2.34110375305466
-2.98191662311594
-2.54892240393318
-3.00929453695675
-3.01247426718976
-3.06210676926615
-3.95233359705547
-3.09996593156453
-3.00057722509921
-3.55647718827572
-4.70013454941186
-5.39058612967733
-5.57307611014135
-5.98833199824118
-5.38463410796515
-4.80287799710104
-4.59917796615358
-4.57808993085228
-4.31014507467005
-5.16635312063103
-5.29597353449538
-4.89052171668809
-4.25135022882177
-2.58927574608006
-3.81246652364337
-4.55975902678267
-5.9166170837557
-6.29370461470508
-5.87799868610456
-5.71075944000513
-6.34000230713404
-4.20171976236045
-3.9473215007124
-2.46575808665526
-1.19755464188947
0.137989944228527
-0.410574681451906
-0.840827883215396
-0.308866206023149
-0.602544416461575
0.378588210656067
-0.269405290313852
-0.026288176777615
0.433250777499573
-1.74921186885412
-1.93966600953845
-2.95646919436352
-3.40970510450315
-3.57610981203728
-4.10302738063412
-4.34148875875576
-4.19863849181125
-2.51093022176349
-2.75019809733863
-2.82746776356453
-3.208636321557
-3.10949571926925
-3.10356180052888
-2.30123365163714
-2.4552792797796
-2.40241616688847
-2.3608254658582
-2.34240507379165
-1.45346592350962
-1.71787939170292
-0.709664267962332
-1.39172286068397
-0.635949767291288
-1.1433476501347
-0.266424163106139
0.793274418998612
0.0682830356149604
-0.194687716484235
-0.672612059600999
0.0179622464521657
-0.947456871416053
-1.16537368081499
-0.878733676825666
-0.184442989969213
-1.26410363100928
-1.95503319388058
-1.78960306654421
-1.08974616435446
-0.919451542408315
0.070694416147859
0.264473552349321
0.345706081814354
1.22009380100954
0.31449106765378
1.13111357849756
0.338943666313973
-0.885325853002731
-0.302468556212899
-0.6826663355597
-0.221702675262108
0.431831375177208
0.825173517754497
0.377590047330512
0.669212158549996
0.0261269929344368
0.00462700055334177
-0.755915910788785
-0.978303707796203
-1.10680416921081
-1.07524311283561
-1.41179444040517
-2.6951362775443
-3.09625813255088
-3.68826455448861
-3.65818330503471
-4.98499186494147
-4.5904396025233
-2.94221850615274
-2.21571767728952
-1.91660546031429
-1.78987872163383
-0.640201761863865
-0.595376782763462
-0.105771242658884
-1.29830390559787
-1.60830019056121
-2.51725616511925
-2.20394340162001
-3.45001383697296
-2.81609069328796
-2.69002078813792
-2.94947698935737
-2.22919575718869
-1.51500803864358
-1.88943619607266
-3.31055742666464
-2.96895783326775
-3.98863240457604
-3.9772547536319
-4.15147319407106
-3.9332387880722
-4.50032826460643
-3.75017610161615
-3.20058970949529
-3.08638063761539
-2.96939482443555
-3.46011459691391
-4.39987425928343
-3.90050426267137
-4.56659402932997
-3.54728259007098
-3.33699225653892
-2.6502904745018
-3.57401758323157
-3.46691739751302
-4.0457818311823
-5.74658656850689
-6.84478002010695
-5.917174795859
-5.60937776321139
-5.99988641104928
-6.19688906162085
-6.92253667787196
-7.70534770743733
-7.4466684677509
-8.17482206937767
-7.8016544588861
-8.8300681461583
-8.24067034793643
-7.82963557727512
-7.64997191422466
-8.81971769577281
-7.97217772419507
-7.3428853050527
-7.80754999634789
-7.49902960725173
-7.19225814832545
-7.41545231159281
-6.11762569170789
-7.61417001451792
-7.51056967120734
-7.09116733605326
-7.98524239318836
-8.34837334891181
-8.65378324253297
-9.18570137045785
-9.30798998330881
-9.99154639120415
-10.5701911832164
-10.388432481731
-10.5174900876824
-10.0303375404447
-10.3193612836648
-9.90352725921982
-9.00227185359493
-9.14926101579271
-9.06954741217047
-9.4718203477759
-9.80198663574632
-9.45042142212156
-9.90231627809328
-10.3961947446486
-9.85971741026972
-8.99023843177719
-9.04850647914617
-9.3399506087019
-8.99094964585772
-8.19681957340529
-8.88658250614078
-9.38334147482019
-8.91559971430298
-10.3514388775199
-11.547817063748
-11.8010700030923
-11.4838708760266
-11.8521775976679
-11.9460387425697
-12.5052411112938
-12.265880985117
-11.2824662383579
-11.2716803573376
-11.1283694106122
-10.7832636941748
-10.328102022535
-8.92873396950076
-9.88221892142376
-9.8149741047251
-8.5448775546918
-8.88236677181431
-8.69363441710678
-8.70991660083677
-10.2235558374306
-9.18384656256311
-9.28474536972311
-8.22131812356059
-8.36405021555635
-8.37030992163306
-8.18501626330253
-8.32386391425647
-8.57162791474642
-7.42922981157363
-7.13286065165486
-7.27594824725223
-6.67018416872558
-6.08880232903396
-6.03885380044514
-7.33331576342833
-7.6317022921514
-8.99067110379611
-9.37058247010962
-9.68602731235009
-11.3111250281635
-11.4569751703895
-10.54567121855
-11.7962623293358
-11.9275745491451
-12.0648674852865
-12.3137786963783
-11.9494664910607
-10.8704078283026
-11.4216272657416
-11.5124885490276
-11.790092704273
-12.1623518905196
-12.9627686447195
-14.1366550152018
-14.6312917101082
-15.8192084408149
-16.6101516570582
-16.4361386215826
-16.819969647592
-16.1514437524006
-16.1073994752878
-16.2727049097086
-16.460883743222
-15.3601454996112
-14.5567840354024
-14.685022883931
-15.6855984661696
-16.0637149702951
-16.414915253019
-16.4820534268155
-16.8790603861706
-16.2718117598775
-16.8458153773631
-17.7861452563928
-17.8178065899448
-17.950890726037
-17.9978008115748
-16.9895361168135
-16.9597380841683
-18.2171497519872
-18.889125381626
-18.7902345931033
-20.5519885808523
-20.0759472992961
-20.1156309355811
-20.3264778476385
-19.2004801200056
-18.9535395721083
-19.4027025116116
-19.3995156491936
-18.3626491689387
-18.9080949265348
-19.1263918930782
-19.2098108209632
-18.3137512472606
-18.7964081608899
-19.3245021197153
-20.1321959657805
-20.3830982410591
-20.3468046972797
-20.4358680245772
-20.5249456674038
-20.5929626982204
-21.223305691615
-22.1853316692735
-22.4726223797965
-22.8907442109864
-22.5097489134314
-22.0910324954354
-22.5370240248051
-21.5211095711524
-21.377017713521
-21.2041962922034
-20.3366425217845
-19.9526275280695
-19.2934739564213
-19.6878322225336
-19.7713703973084
-20.1247956683551
-21.2352736086707
-20.3290647363886
-21.2557583403697
-20.6210611557064
-20.65483018177
-20.4834113001132
-20.8682596299421
-21.350984089466
-21.1430034279458
-21.7440396216934
-22.4666852582467
-23.1442673761311
-24.8082464244829
-25.3046433133396
-25.4290178605076
-25.0259070942891
-25.2435994673539
-24.6310231626205
-23.8512831340725
-22.4296823267974
-22.8738567069482
-23.2263304332945
-23.2625799459533
-24.1769907995634
-24.8815339355219
-24.5769053901243
-24.2383352417813
-24.6731117088982
-24.4255111864747
-23.8684416775928
-23.8768768204052
-24.1211981743794
-24.3081644489068
-23.4521843592483
-23.6339626865474
-23.5550395065378
-23.6699602950329
-24.6051964218879
-25.1274036053722
-26.1633476759547
-26.3379660107614
-25.5890467961311
-25.2379127049307
-25.2964545680139
-24.7850231881842
-25.3581307054908
-25.4451827089959
-26.5171939706578
-26.3293324015693
-27.4423689170502
-27.6043622634339
-26.9795389559503
-27.766185554024
-27.4883311026193
-27.3943911643188
-26.3210513604218
-25.9300286603088
-25.2539251905075
-25.5846286368256
-26.3802815573889
-26.3968748153302
-26.8039598833129
-27.3747489154246
-25.9817372154413
-25.5663987950326
-25.2841232054961
-25.1309495144651
-24.4661236780359
-24.644365424079
-24.6840197568018
-25.1415586265509
-24.7109746261504
-24.8486753133853
-25.3177707814436
-25.1064475025284
-24.8986508535998
-23.6683151650691
-22.8928379204539
-23.0280272095645
-22.4871628765077
-22.4896226418448
-22.8127949081415
-22.5645114747944
-22.8197909769571
-23.5110163351825
-23.1781468535306
-22.2553925981692
-22.6552333570262
-22.2369533660681
-21.647075111997
-21.9021678112544
-22.5498929693994
-21.9476604644377
-21.7003877679198
-21.8510465072713
-20.7062950364466
-20.6237337709462
-20.0134403867996
-20.2734207444798
-21.9578152087714
-21.4346119918431
-21.7361381047474
-22.2852937435195
-23.1282801201131
-22.7885683209085
-22.1445183762514
-21.6556970620806
-21.3448989419926
-21.6315470845459
-20.8724706851528
-21.2195406584575
-20.8572457700343
-20.7764867643325
-20.54691364825
-21.3097586232425
-21.0908611850321
-21.2897448874876
-20.947425346464
-20.2355155656662
-20.5395199044357
-20.1239272290286
-20.4794755572601
-20.4664069347553
-20.3764486699071
-19.7084539356969
-19.254189448427
-19.759070925016
-19.7198219831744
-20.6184315873204
-20.8417824283371
-20.7446535760834
-21.0813094162192
-20.3270112654547
-20.5671675573212
-21.8974509892021
-22.0607650129797
-21.7439451296293
-22.3148031794289
-22.2548229683039
-21.6749566329616
-22.3525338963825
-21.8931141847451
-22.2193752219014
-22.7516188434124
-23.8937917524489
-23.0502377632298
-22.7411311115916
-22.9528777068013
-21.6224290362514
-21.4243811484099
-20.8182221975955
-20.0173582405823
-20.665749965742
-20.4542386706613
-20.5451289439207
-20.7301972280754
-21.8618548884471
-21.6722759824936
-22.6511988679791
-22.2944269366675
-22.7754634389288
-23.9076661704406
-24.0385250120705
-24.3642611634491
-24.2346175654259
-22.7042764921765
-21.4754698461186
-22.863786542993
-23.0235536998312
-23.527740165034
-23.2201678143871
-24.2989858963619
-24.5668214579965
-23.7766533864087
-23.0834464634757
-23.9243921465858
-23.9502428608918
-23.905128031988
-23.6510876191162
-24.9633042198711
-24.5420888314469
-25.5475065948944
-26.4301208995299
-26.0209962154422
-25.6993863972729
-26.6653145270083
-27.4832031856228
-28.0725749557316
-28.1756818618855
-27.9306276149098
-28.6969604925528
-28.8746736174776
-28.4383512115578
-29.1007099471861
-28.7516002728052
-28.9642039756104
-28.6201857472732
-29.486201778628
-29.4779366380025
-30.5432000869866
-30.4166322375372
-30.8995315756857
-30.6434768490596
-30.5678168692296
-30.3439126039276
-30.1553550118737
-29.8245103413445
-28.820793572668
-28.6743058200009
-28.8449940430682
-28.7299471040695
-28.9767775837219
-29.2750678542254
-31.3044391309773
-31.0622261865921
-31.1867878125479
-31.5971921241255
-31.5597328945186
-31.2699544631205
-31.7256789459707
-31.9778715226924
-32.3807864159297
-32.9305881108831
-33.6286910103774
-33.8977873153204
-33.775840536854
-33.2401822057041
-32.963008326222
-33.3289235657745
-32.4920801480703
-32.1279970850015
-32.2976235190375
-32.2553334986211
-31.7629150401904
-32.1642714000315
-31.8547144823513
-32.2391948216971
-32.1798698749581
-31.9026768638915
-31.8591532287639
-30.7191241336704
-31.0916618890505
-31.4609961353889
-31.6702918242219
-31.1439569979222
-31.3909937012279
-31.5018984447063
-31.5596046698636
-31.9467424011414
-31.1414700870675
-30.0194913717665
-30.3956918684635
-31.0313053148787
-30.7802007104623
-30.4791382472935
-30.9114451992583
-30.4327163571829
-30.1619589301559
-28.9370767258804
-26.9690670670455
-27.007683573591
-26.9217013729637
-26.8806114798554
-27.4157277608606
-27.3388707436671
-27.0817816101696
-27.7577495371172
-27.8703207130381
-29.4502578444189
-29.6828507521039
-29.4769626819631
-29.3252432550225
-29.487617834402
-28.8995869658321
-29.7314000759119
-29.2210066733622
-28.6328114283469
-28.4062873047793
-27.6898567616063
-27.8166709472633
-28.2933288436717
-27.8629564774978
-27.3507639829282
-27.2029497189632
-26.4165458621351
-25.9754854315139
-26.0317046824204
-25.4335093337397
-25.762755910694
-24.6933838214341
-24.9916316446039
-25.5493402597437
-25.903366860032
-25.9048347780074
-25.4289432326657
-25.7332192225729
-25.5772154194715
-25.0279859271651
-24.9116648760698
-25.8249375730076
-26.2919604362272
-26.8405440354364
-26.5911834266975
-25.9710660529746
-26.9259044761217
-26.142666396798
-26.3343929277235
-25.966011543432
-26.5351783879703
-26.2908899489808
-26.2938187760936
-26.1413352515944
-26.714282284845
-26.869604943898
-26.1411377979057
-26.6529463466467
-25.9826878009363
-25.8049485336659
-25.0641424799228
-24.0702930181394
-24.0762168338585
-24.2854910419398
-24.1750108565162
-24.2776847492641
-23.9344339536466
-24.0164608362012
-24.0227383653993
-23.4623210574479
-23.7075963313855
-23.0815326918239
-23.4564812676238
-23.8689517202072
-23.3317695932461
-22.4915176491163
-21.5663330175221
-20.875408495468
-20.6878687877852
-20.7715601881295
-20.4566665005306
-22.021706444804
-21.4856514180116
-22.3066663514799
-23.1229690730455
-23.4721752889135
-23.3023250128727
-23.2762013152052
-23.9113302095939
-24.1707419685848
-24.7665455897199
-24.7911962565963
-25.2224022719181
-25.195231345091
-25.3823188027754
-25.3736576235307
-25.0701991898287
-25.2746479107471
-23.9132195681978
-24.0546714118515
-24.0021781176817
-23.1225825686561
-23.9541674906465
-24.0147949586841
-24.6730135070693
-25.0280889524792
-25.2394375598258
-25.0534358311471
-25.0178544712716
-26.1694177574283
-25.4661664031525
-26.638404187981
-27.2182399519133
-27.8610241992448
-28.7029939430506
-28.5518887668699
-28.0678872399758
-27.8089576078118
-26.9812262870273
-26.3344754034988
-25.758434187722
-26.51451266421
-26.3578196394348
-26.2090929541418
-27.010861913572
-27.3077515030874
-26.2510852451113
-26.2891644978469
-27.1648420489107
-27.1241266485905
-26.9797876425861
-27.6552662792048
-27.3801793059143
-27.3992625909413
-27.3130151809318
-27.095077814955
-26.6855963785151
-26.3673566789214
-25.3227534780225
-25.4344228882662
-24.3487614306609
-24.6841103456854
-24.3903316260779
-23.9111457834878
-24.9380194906543
-25.6380244832771
-25.5516225760866
-25.7027567665176
-26.284749877743
-26.7866378682944
-27.2023312779761
-26.6532335068352
-26.8823413429843
-26.7859487970428
-26.0291505736749
-25.473383948447
-24.8393043632909
-24.1160444661994
-23.6777838046621
-23.0911860738782
-22.3925567271053
-21.8705993287962
-21.6505769228587
-22.1390912132322
-21.2290364419601
-21.2707844674995
-20.3073749684298
-19.6485251892466
-19.1670529415837
-17.5829687309998
-15.7447187364218
-15.6632753481499
-15.7305104634218
-15.7080515464355
-15.1010530530915
-14.456431040039
-14.9460266860725
-14.84706292221
-14.5021585696721
-14.1541512692043
-13.815026915553
-13.1928429975791
-14.3460650984729
-14.3396752894491
-13.042973387508
-13.4222916015803
-13.5006942376464
-14.5533324779064
-15.9465783148108
-17.1142044527609
-16.0410398589725
-16.3613571591411
-16.1354171309876
-16.5053003747749
-16.8264225898263
-15.7596367544796
-16.1984656904411
-16.4422493188043
-16.5789619090429
-15.7052554994615
-15.5133989414262
-16.7093494528326
-16.6382523580079
-17.1796796027327
-17.3800853065567
-17.3023190992471
-17.1007654670169
-16.8981786734644
-17.3341168270618
-16.8819079589538
-17.2541390404845
-17.2425776677308
-16.1677905964872
-16.2345805623962
-15.3709906339564
-15.4757861832783
-14.6329588458087
-13.8443410397117
-13.6453020832629
-14.0991076764491
-13.780935349006
-13.4515342776072
-13.8574504196584
-13.9126017451991
-14.2733272895585
-14.7637815523279
-14.6130994154191
-14.5287164001722
-14.8477078727055
-14.9822628336026
-14.4831443851165
-14.289968783959
-13.1087676127392
-13.4728611870029
-12.6455077350077
-13.196219826961
-12.7777943376856
-12.5992495057863
-12.5022016528675
-13.2525368432234
-13.8719699823365
-13.7943995927721
-11.9470025617628
-11.9204643750273
-10.3015093509809
-11.06716307574
-11.6611841477382
-11.5987070410179
-11.1504940681753
-10.7201241724833
-9.91542989917175
-10.8253759179024
-9.92585663067315
-10.9243496727892
-10.7645494408524
-10.4754912069507
-9.87196539025486
-10.0289584921751
-9.97097330688217
-9.2048060401937
-9.09318122963893
-7.6500839247159
-6.80674178428062
-6.60836846044513
-7.01242828085921
-7.47588490239803
-6.60148811429276
-6.27822842811901
-6.14276862690469
-5.26843747748229
-5.2305433209566
-5.70127176719798
-5.93368756074168
-5.80573423165306
-6.20932929199663
-6.07744247738287
-5.26240999613681
-6.23984909709234
-6.65008902638224
-6.85633846834713
-6.65511830042588
-6.91090266055886
-6.31783336312904
-5.66833697724826
-5.98444643046067
-5.7784931544684
-5.52169895357956
-6.02921998449112
-6.22337667211357
-5.64764915944615
-4.84950182359776
-4.18466099011123
-4.70633718808071
-5.83390423118764
-5.51307271169826
-5.77245533430884
-6.06530709112247
-5.88287293997233
-5.7107482961477
-6.67689639349913
-7.75484926206541
-7.52567865755799
-6.68503990528696
-7.05251407072596
-7.98586244486522
-7.43692675563658
-7.66882019629111
-7.95470796352312
-8.81426721764788
-8.7643773427063
-9.18148676855833
-8.94789581992829
-9.2375751559616
-9.13657719037277
-8.61949215214319
-8.56875791513897
-9.01431618890068
-9.28677403659587
-10.3228010648819
-9.99819879272755
-10.1949365542766
-9.94582445267466
-10.1075156137296
-9.25078935914568
-9.38746245807078
-8.89646605753468
-9.14957185049716
-8.01876130471837
-7.03950916468642
-8.1308958512846
-6.97899946111235
-6.84541613087833
-7.22235699138891
-7.14957519743769
-6.86205604528575
-7.64333518287864
-8.07811867424252
-8.06304924250303
-8.08560998754489
-8.63437475789567
-9.05762304150563
-9.77110826619916
-10.0193959476068
-9.82388918030369
-9.68689790998218
-8.95320472959494
-8.11892637743379
-9.10766476315521
-9.04911841780461
-9.06934963840078
-8.73445964740712
-7.32843160017396
-7.41948291541201
-7.20883364627892
-7.45619905867404
-7.68999860569501
-7.72278751772353
-8.46602304464763
-7.5719448859553
-8.11178066963944
-8.94107968028836
-9.31209208481625
-9.20272140992936
-9.2590662560263
-9.22384489679601
-8.89335622891771
-9.44679500172104
-10.20874842731
-11.3778910574502
-11.5442023129089
-11.489228590179
-12.0986432756215
-11.8924793810419
-12.372194045359
-12.3220631507143
-12.1034596199212
-11.0738841087629
-10.9170471279228
-10.4853872951483
-11.1787593506369
-11.8566562914161
-11.5293338501486
-11.3247824383591
-10.6933604479978
-10.481760105202
-10.5591068762947
-9.6311751730584
-9.55419941471916
-9.9537803179585
-9.15781284559214
-9.80887478662101
-9.21913356119511
-9.8557541018365
-9.47867392356092
-9.92794055487663
-10.8920695052
-10.2394017425701
-10.0914249149211
-9.71082671084367
-9.61262012060174
-10.7041772215761
-9.40994595783706
-9.15193993029821
-8.45765421664987
-8.75376129347658
-7.90379733278651
-8.19862519877101
-9.09592142130313
-8.32072310462286
-9.03138594150808
-8.55601785937031
-8.78493648860962
-8.33578200476475
-8.52871961038008
-7.88296719937037
-8.21226129710287
-8.74715102544227
-8.86994718015187
-8.99160145865308
-8.89837816074243
-9.68564162846567
-9.69695542993635
-9.30370190205254
-9.30912479626294
-8.29171159202221
-7.85941040737879
-7.8204172784989
-7.37363153434535
-7.75313059789273
-9.14510623565315
-8.16441190477414
-8.78599691089342
-9.16165339413872
-9.10421705056141
-8.49501236143682
-7.88434044946528
-8.07300522515587
-7.98741063657367
-7.67904120279155
-8.26215909359561
-7.41942998631054
-7.72581209236539
-6.88615611657954
-7.38118815961254
-8.55130894006892
-9.00649514329456
-9.03776858142726
-7.16326339488915
-7.40629963528917
-7.85994432805941
-9.58908046219986
-10.0659513504445
-9.97278508071269
-9.50792740522325
-9.93848899055296
-8.77966371679824
-8.85410995329028
-8.82184624235913
-8.12559407750088
-9.01779571994309
-7.58500987687396
-7.67944031521443
-7.86491079908741
-8.4107315180554
-7.85967274616196
-7.69750167447368
-8.05993200738507
-8.77062911431253
-8.33636126247158
-7.78368727482275
-8.29798712955607
-7.46380683543999
-7.0108451936903
-6.07978620977711
-5.78621154615445
-5.5549166294693
-5.9903275251788
-6.04348441411562
-5.74403465503408
-6.21499465291469
-5.99873614695524
-5.83223310096396
-6.82861435196377
-6.48931713824393
-7.12906343014248
-6.84535923957577
-7.57504138083763
-7.96252598909816
-7.6597995986186
-7.86909665763968
-6.86096283894356
-6.7475682589434
-6.76314655795821
-7.95895343770228
-8.28347976000282
-8.19867166851242
-8.96898915147786
-9.02382010138675
-9.34984237073497
-8.78472961241196
-7.52863911099565
-8.02645992305888
-7.79995969881072
-7.78345255609382
-7.84573508778353
-6.79640361089236
-6.55426041898546
-5.81401609646694
-6.82371796922289
-5.38417209538166
-5.85454355982581
-6.47949386145818
-6.00223716752168
-5.85377798270298
-4.96570907218519
-4.62261490388465
-3.90870014309664
-3.97129353541626
-3.82491129424365
-4.00141612310741
-3.42400776347571
-3.76964667255318
-3.6497714684537
-3.06495060134536
-1.8090440709597
-2.21768154708583
-2.59228683024679
-2.47243955201142
-1.7378721378849
-0.616467159269319
-0.565084207438711
-0.217694259240786
0.0710357422840922
0.511740138967525
-0.198364382582875
-0.280997117098902
-1.59484828076905
-2.33891612542092
-2.72337525023291
-2.59881823345268
-2.4405316293938
-3.4671176108082
-2.93397395029375
-3.35237754602574
-3.01520227647671
-3.38330208979317
-3.07150707115907
-3.45267784766781
-3.67698566280231
-3.97016034397189
-2.77060273838164
-3.92215338250748
-2.48379593278918
-2.55442181800427
-2.9946358677555
-3.83366725695866
-3.58395709964018
-3.86192471925311
-2.65538419209165
-3.3181769366081
-2.37220612690108
-2.17921346562392
-1.57242924496964
-1.07480129625473
-0.978086438175483
-1.24545004271832
-0.612441790593729
0.548266644678416
0.34829678618797
-0.342224295971886
-0.642366659495058
-0.932788981943619
-1.51959030807608
-2.05145211919599
-1.2631916498358
-1.38376153550326
-1.55504878281631
-1.62790209068302
-2.26981680123325
-2.02625553638475
-1.29745397463165
-1.73827517587531
-1.60673582722344
-1.75861456659683
-1.36066629124162
-0.874458305165918
-0.0299889725320096
0.18839863571915
0.110845829361886
-0.200803746809906
-0.432572674972342
-0.230072780215454
-0.174115484526849
-1.15141849426377
-1.25771140951748
-1.16192087185901
-1.16247575980415
-1.45110237546815
-1.4699513853304
-2.28913611488188
-1.76457813097374
-1.62873162360337
-1.59342098650587
-1.27786856396939
-1.68359329130607
-1.63762748523865
-1.60158085737589
-2.01585540884835
-1.60714554809147
-0.689792756915677
-0.849297163881124
-0.555082759365721
-1.03495259834212
-1.42234586844922
-2.1569031167684
-1.666125960662
-2.81153402054086
-3.66664767530194
-3.65543785636697
-4.04891114526129
-5.04408374408709
-4.82293252937625
-5.60563601013531
-5.60336183791806
-6.58050632681861
-6.67488589200374
-7.31154120989044
-7.91707639247914
-8.90383028547253
-8.01590303802392
-8.14425587120433
-8.98221244579495
-8.9564367499749
-8.57631447793638
-8.43689578696764
-8.74706975339364
-8.49817893352234
-8.37564718485355
-8.28289955120409
-8.95418934249704
-8.45561626954206
-6.86363141196223
-7.73305411061657
-8.06938024089657
-8.59360385661337
-7.88929721760911
-7.7547776903817
-8.24143257194211
-8.2917177129094
-9.08593315566616
-9.01369244082326
-9.24779186068936
-9.00958677042032
-8.39838399717576
-8.38577997100189
-7.58214776482414
-6.5866716556622
-6.16418715884501
-6.55306481129883
-5.13432554649369
-6.73446690679988
-7.49782113867777
-8.24527920855182
-8.76338218572287
-8.99500258004531
-9.01106576285926
-7.95696985970145
-7.97474391578271
-7.34745819816251
-6.94596188435737
-7.05798490890722
-6.97407770136293
-7.5696193047634
-6.83225289749231
-6.48350889683391
-7.88314695627491
-7.21813738186488
-5.46727110682545
-5.2376198920524
-5.81909959158707
-5.56018626520832
-5.13595621533731
-5.3557890890268
-5.4760035644883
-5.905768833007
-6.13946140915675
-6.12712405242764
-7.66316945809577
-7.79065433957534
-7.45192657296916
-7.3373749452823
-7.24311426405965
-7.35371147946657
-5.78006874993624
-5.12113218417194
-5.20742809410319
-6.03209210336622
-5.90706274993824
-5.6930759418483
-6.82823015973893
-7.42775940921049
-6.80049712932304
-7.24795192271039
-6.83356169290142
-5.86170465231556
-6.5288135106059
-6.59929495292169
-5.20880876953594
-5.18110388237931
-6.36301017316595
-6.48373330460165
-6.4610635739551
-7.50290027931474
-6.97204981486513
-5.73612897075599
-6.26698913795041
-6.2787259735492
-6.73844645871224
-6.76571328837962
-5.93249978746348
-5.96367850399256
-5.01979106832221
-4.79746198493492
-4.72888478839671
-4.44148499714253
-4.21273354857378
-3.70918226451789
-3.51873725431297
-3.68823451815713
-3.52794293782713
-2.68010497307032
-2.26560256021976
-2.5696408456102
-1.7070022640358
-3.12140876220558
-3.48892583132069
-2.41437020103374
-2.08831575248781
-2.69990430773175
-1.46004650527004
-1.60056517548356
-1.44509860335633
-2.14983775063586
-1.40598387179788
-1.67546822609312
-0.853846842548852
-1.75644688063435
-1.60219220638335
-1.73481010169096
-1.68343207434554
-0.704928739866727
-0.841167866891122
-1.32842959862388
-1.94755340699771
-1.77710125489195
-1.51194647981377
-2.01699809802228
-2.07471952463579
-1.84244918135971
-2.44954055850781
-3.16732441657207
-4.14666158534994
-3.42762147926212
-2.38746125750865
-2.41858353596855
-3.04066720312344
-3.69916399371246
-3.54520998163633
-2.58057142116873
-3.2820536879951
-3.16961025341642
-2.9200339642733
-1.53302762065357
-1.67040341925441
-0.556987264481469
-0.416697169457092
0.0015182046601947
0.470211251355074
0.953493535637516
1.47099291762322
0.722064267785475
-0.45732262718371
-0.167990222368768
-1.51796333730131
-2.28904632065012
-3.65038546190348
-4.47409534444261
-4.29783386215568
-3.79896239740196
-4.1048094419337
-3.14534481823718
-3.00024341895854
-3.32646721464362
-3.55837056511486
-5.24101530859145
-4.94432177167279
-4.69496432824079
-5.55837056746987
-4.78294954978828
-4.60983079343563
-5.72700702475779
-6.38042121071638
-5.39546450627159
-5.16467218367415
-5.20772913941433
-5.25582735359735
-4.5114768383145
-4.25865489979097
-4.06606624873765
-3.89305072440392
-3.51385168085553
-3.69457925839981
-4.04025191663391
-3.89442630246353
-3.23392804369826
-2.59409412649484
-2.25403666235948
-1.4573719835131
-1.29755342731487
-1.47331448845232
-1.96044442106357
-1.77592036189131
-2.13684933254009
-2.33484326271081
-3.1359462549549
-3.16801320736543
-2.82855887512533
-3.05952260928904
-2.6953786396171
-2.88722209769691
-3.03887318696398
-2.66190925667546
-3.24456866253015
-3.22816739971482
-3.28094006764936
-2.33836690195131
-2.29548269685816
-2.15167203007022
-2.41778223669789
-2.58773223239222
-2.88175876260232
-3.31249959808666
-2.5058128044988
-2.23254243686523
-0.85220667203597
-0.157690299731733
-0.726570032381873
-1.44915725622274
-0.963586620622072
-1.64030330871315
-2.1702672971439
-2.1331602855269
-2.19206951167644
-2.36444354603756
-1.74002375609408
-1.13168932370712
0.836460961948058
1.01706069013765
-0.637962632698459
-1.18957147964108
-1.11909312334108
-0.881683028374241
-1.59195781565631
-1.36376867180026
-2.20114839148626
-1.71223396014992
-2.06627613145893
-2.10617091699961
-2.14267733338506
-2.18396328480804
-2.70256373094924
-2.49779671882423
-2.85576845252951
-2.65623461370454
-2.66508105033569
-2.25428437156835
-2.30405739516259
-2.72115940213547
-2.97862942426342
-3.25433569271929
-4.23862716218079
-4.04245571440837
-4.00076580749079
-3.29746928985315
-3.9741887904063
-4.99080736181376
-5.35789317493859
-5.95696927559732
-6.53092823796151
-7.34953497659144
-7.01337630224416
-7.58765012558282
-7.42651399551269
-6.79632401995278
-6.14827850301349
-6.7997586543601
-6.31897500365338
-6.4710425130445
-7.70085216769452
-7.73588115941562
-6.24130097665251
-5.71566160112756
-5.81707973496027
-5.05449266320193
-4.61138555452344
-6.06424222318108
-6.2158180685824
-5.82425356709518
-4.86688446502427
-3.90777421876536
-3.80737621132483
-3.29810546585713
-3.65431048427358
-2.83116801419757
-1.93757596417544
-2.7878209809463
-2.18973912632132
-2.2876001368832
-2.08175702179486
-2.66029751236798
-2.48201617402714
-2.43916330230913
-2.5425012543479
-2.62806793242187
-2.6116407809146
-1.70726573751341
-1.68859462942456
-1.57669368649328
-0.654796405409979
-0.0378416843921626
0.692346051406359
-0.0665177177914243
0.810313112341222
-0.518491099025446
-0.351059102819476
0.196478413962142
1.00272526371204
0.566612092434263
-0.23472115878951
0.153636037137362
0.221945451687815
-1.05775961914352
-0.298706939478029
-0.904558260196289
-2.2404201730113
-1.77827279329284
-2.46211988343438
-2.63054409228911
-2.94370378651861
-3.91434945982383
-3.73954223716946
-3.72102825156273
-4.17110427263516
-4.55410938454394
-3.86679864933749
-3.95941348425622
-3.79501730946299
-4.51690132067071
-3.97061956463106
-3.38081527814675
-3.8838194386256
-3.27359931519481
-3.70056170888743
-3.26397882394887
-2.48195453600136
-2.95972593093907
-2.68171162135759
-2.95298720190216
-2.47897557347504
-2.2794219198722
-2.21122805854795
-1.26255800357085
-0.0781035825221348
-0.247304864352609
-0.18864630106497
0.65998207669958
0.56351011819895
0.236646228427565
-0.0456305392643306
0.700358902295644
0.61359067143001
1.38942739019584
2.24913321607123
1.83370209645716
2.24194726500041
2.19579681817678
2.52122846149962
1.29925727746182
1.44051028472789
1.24099153104989
0.93413028022322
0.378896048470781
-0.316033234478463
-0.0345803577754584
0.314464749999466
1.20525204750468
0.574221926358696
0.227762992618564
0.93308509123587
1.51217872947833
2.56130187198968
2.59320889185115
3.09620956834752
1.63413087499684
1.57833120499713
2.38530696178902
1.49153819823922
2.35239025883634
2.11186898031056
2.81268682934502
4.27778279467103
4.53783442837288
4.8302053464185
5.59146084243308
6.19925509623104
5.19869718516407
6.01385260074938
6.49715363105154
5.98704208423871
6.74130870687311
6.39149642157187
4.37301684039762
5.01269028931751
5.17450036028858
5.44993158906586
4.93754768391313
4.13949492150739
4.25934434460376
5.14459958465967
4.30093919603839
4.33359621105658
3.12010187251204
2.74854079822257
2.50582219160849
2.29941297090236
2.66830026502576
2.57915260491867
2.49948122548782
1.94607264354081
1.67437566401142
1.56233940392702
0.575677962944927
-0.412007891295662
0.36077233713674
0.0793720464804298
-0.559240802141509
-1.30770172237295
-2.05829077893173
-1.37867316996654
-1.98637033320741
-1.3732631049701
-0.391307304469451
-0.428605786878841
-1.05833847267894
-1.09265375878046
-0.751746306735458
-1.00403351580723
-2.31635412609621
-2.68370711259627
-2.62341003372428
-1.87514756712458
-2.57564594698078
-2.67009110628185
-2.24334214619447
-2.92913006887484
-2.87290932224157
-2.29667397259312
-2.4011006797884
-3.31198760392019
-3.33612122355702
-3.81445361309824
-4.23098460777775
-4.78445547028969
-4.31466015816596
-5.27836319214255
-5.26071392488335
-5.34370474760236
-5.47067630707883
-4.96800576962528
-4.79220510491151
-4.05547462302646
-3.19327117818966
-2.96241150639599
-3.67521473672047
-4.52660568915328
-4.80036387285105
-4.34651343608531
-4.25761681968495
-5.41446581597843
-5.27809079787886
-5.26204084330687
-4.08799822398037
-5.00368249617319
-6.06085269351206
-5.68146378361912
-5.86653650400165
-6.30233877948322
-5.07376702486055
-3.71894036698403
-2.89029802607197
-2.2849224041889
-2.54564659218684
-1.993586302976
-2.24940229408346
-2.80193257418038
-2.83723946919845
-3.05553905702552
-2.81722304241426
-2.80668744805857
-3.02390185648961
-2.33391040281753
-2.19883812480445
-1.89794942682147
-2.20809900748163
-1.59875008228544
-1.65017131145216
-1.33592678767127
-1.4696659913219
-1.78143560235096
-2.54313726262121
-3.41965594479238
-1.99247285582403
-2.4085000952614
-2.7786589807277
-2.17043239265026
-2.25544903383059
-2.4090963760456
-2.18030651322341
-1.73377811304709
-3.18822927536057
-2.40148309079665
-3.35121026520092
-2.85780211364206
-3.52639319694323
-3.73105104104713
-4.68234987750101
-3.97270861525916
-4.11248674590949
-3.29946854341443
-2.81433873411073
-2.84174801938865
-3.27824125410932
-3.02005132830045
-3.74837783767491
-3.5195204245849
-3.1270310211721
-2.75908103907577
-3.17912240345999
-2.39947154505468
-1.80281370742041
-0.884830616403225
-1.43750700368653
-0.806994770273352
-0.949788596359618
-0.388595185178758
-0.404843425278008
-0.272952925481674
-0.930627963619616
-0.350822830777015
-1.29263489743242
-0.900718311626239
-0.950600746499311
-1.85538888622922
-3.01774001263721
-4.44732860565787
-3.89568463917734
-4.1305856491358
-3.43834093915043
-4.09106229463769
-3.83219359813321
-4.1867293477157
-4.48030055545491
-4.10326800313985
-3.18382108320912
-2.83983047903344
-2.87675779916087
-2.21734806433391
-2.25219290112073
-2.27596652450157
-2.1121000280781
-1.99019536159396
-1.97416101148742
-2.41994994809873
-2.64615876586427
-3.04789756113368
-2.87792218790327
-2.94394712546659
-2.11565128799494
-1.96521101856775
-1.78070338882722
-2.09828877993174
-2.60628494865659
-1.8791346236962
-0.830008726254541
-0.0145484640252196
0.222784592323683
-0.126429479589792
-0.723448326820488
-0.347366006499466
-0.665300471733123
-0.571134525888681
-0.692828193878065
-1.41615369869493
-1.80247429240074
-2.44638988410557
-3.05675142525611
-4.25730025419497
-4.26749622227103
-4.41981061647732
-4.04276836626418
-3.52737986861484
-2.99504037621587
-4.10111850405978
-4.16090861254869
-3.25215560130983
-3.76893877050548
-4.46983534708196
-3.85851997379345
-4.21148178687524
-3.79343450743025
-4.61306019485262
-4.83720410116495
-3.88908822383266
-3.23833628928495
-2.61527899549742
-3.23181252068296
-3.24240624169379
-2.76395867139186
-2.99710628898669
-3.86617605721404
-3.71819590675298
-3.75873354934355
-4.39488570888109
-4.99955655306372
-5.60356811868682
-4.93866397561225
-4.95204997374674
-5.25230383639725
-5.26899789607037
-5.13428621663172
-4.52538662834459
-4.24744409587742
-3.92991797250284
-3.36294351623302
-3.19881246814002
-3.70623691306178
-4.37295991299964
-5.02605252051854
-5.77385630371052
-6.08805249883844
-6.41764928988391
-6.60635762659794
-6.30521622728635
-6.45978594327332
-5.66073937457153
-5.43653317378601
-4.88834797030313
-5.18928273786357
-5.93886728109033
-6.1063480227668
-6.15464173393908
-6.23012096829415
-6.29052017513032
-6.81594873879298
-5.63825940998096
-5.95121805838861
-6.75209063399388
-7.34196503188093
-7.00165164596043
-8.02138175531423
-8.21869742818153
-8.48089180783166
-8.59188271773972
-8.08133602815569
-8.55492304313595
-8.43906648212023
-8.30392326809893
-7.79265311788955
-8.79835416684241
-7.78316929242418
-7.46428955076746
-7.22880426660817
-7.48555481679884
-6.89605269214756
-6.34652629432917
-5.88725847537239
-5.71334017207881
-5.51239540172968
-5.03235526921267
-5.1499773882791
-4.90932817385195
-5.16555362704573
-5.33177883200584
-5.27508724462665
-5.39852766320565
-5.04150521307689
-4.7566719130978
-4.92397885067771
-5.12052694550357
-5.50478100789542
-5.42901277182364
-5.93540815544221
-6.059920806802
-5.84309632544131
-5.62684911293614
-6.07315444251549
-5.7399706192596
-5.96133954699025
-6.45105522810576
-5.94421596868804
-6.51449610700932
-7.11970251130046
-7.27960810767164
-7.01686052451985
-7.26389913787362
-6.57664871128461
-6.540902901184
-5.74460521957708
-5.72834778244256
-5.02255157786514
-5.24709124068895
-4.02239011213921
-4.09199075150885
-3.56413183658746
-2.94191091333396
-2.28229324582509
-2.31670128330116
-2.20464135282669
-2.77987983409432
-3.74809054749432
-3.08641958093793
-2.28377674996217
-2.75451215366272
-2.88914854974169
-3.79925489350328
-3.14221888138796
-3.02298228319404
-3.03211563162184
-3.74061904269261
-2.96859107442962
-3.09985254705968
-2.90198556566092
-2.96740908782216
-2.2728936324947
-2.42942713089931
-2.74753631042703
-1.92741629552076
-1.83014200820425
-2.02646688783934
-2.70251047051161
-2.34101933362281
-2.64964187701608
-2.48998455586906
-2.65419408177318
-2.48772485354359
-1.58163595188617
-1.33049725191899
-1.63049825305709
-0.498615382839219
-0.530740699057808
-0.99820302249151
0.317302319720797
0.555404188923088
-0.892817167929468
-0.143109780378749
0.0501163976619319
0.457795896487202
1.19361827633255
1.7846981028727
1.84595399549406
2.33109031099608
3.03108918282879
2.78610943422396
3.03991075909611
2.86321444727598
3.2145451770653
3.08888478369101
3.03583048055186
3.4535207684224
3.2205678928937
3.59573264922817
3.07846014757089
2.50371427157203
1.60234476137585
1.82325510187218
1.9224775374372
0.610773527897469
1.1301583190164
0.754731969013738
0.13476657541128
0.237196546133027
0.620944640351586
0.203142087401607
-0.113181058870217
-0.427111165012886
-1.62497731616293
-1.94674828618185
-2.43778580986945
-1.9710331303323
-1.11174732682182
-1.10252444092599
-2.05375439762515
-1.48813305335544
-1.76031064893248
-1.49256881746592
-1.70692042849909
-2.02126507401422
-2.67196868144466
-2.19653551472929
-2.56804493668968
-1.7091006507671
-1.30272797609238
-0.599105314843796
-1.15884520475985
-1.81546585193163
-1.19103875632753
-1.63244825241673
-2.16693403502299
-2.43161853897633
-2.25702390429626
-1.12555115676748
-0.438230411822638
-1.10381935792435
-0.921597511246928
-0.221624365653164
-0.63431648293293
-0.111902534920069
0.362454414626365
0.507870547779311
1.58184078864878
1.78097316120007
0.594969171015402
0.978185638921065
1.53373444211417
0.841782566755914
0.691266296056123
0.38005032145837
0.769670945238335
0.613507828971066
1.19741346883248
0.739575590280956
1.14055859288783
1.98208081812692
2.570084785777
3.58640707219141
3.4221990589269
3.02492120971477
2.83071564001195
2.72365535838618
3.35254593551176
4.10123503275633
3.53691391278839
3.5609933675967
3.15388956843557
3.20500337554438
4.68786120037856
4.50928616447678
2.75521192748543
2.85130380048857
2.66915380007612
2.86462429984011
2.60737143325707
2.50442728830228
2.94233989942393
3.7444744749884
4.2272568453773
3.61496057119484
1.85205617761626
1.80048766352114
2.58945451216904
2.48255199293654
1.72735258801713
1.05728400898338
1.06695099081143
0.876863141776325
-0.0997327416220245
0.348193530443724
-0.487039502112771
-0.196442637922966
-0.0428263956272408
0.653762458073651
0.630138957693938
0.244596177564562
0.0164069435782415
0.410024620662523
-0.115339693630281
0.14692239081299
0.220707666058238
-0.922626294537217
-1.53910241172432
-1.57979280467759
-1.35964798404341
-2.04165491497417
-1.83314648037216
-2.17718695459109
-1.86428209815612
-0.928716040471726
-1.20389600289934
-1.3587031078978
-2.17059111403239
-2.89052014576017
-2.06841358386243
-2.53220035059913
-2.36569766771542
-2.52645244049973
-2.73065542623829
-1.99463808198445
-1.79743259386074
-1.07741078241771
-0.681492213812506
-1.03214382179308
-1.97008916809889
-2.23221378249153
-2.36369191443417
-1.92420445017338
-0.987767300891301
-1.51411647427703
-0.835214019817817
0.202241334602921
-0.920904094300874
-0.7499980106655
-1.15294790808826
-1.26984092514737
-1.35039701352518
-2.04032654930806
-2.47710013914172
-2.15310925838108
-2.06168624012748
-2.91654098938727
-3.35398533447292
-2.91333545343754
-2.27751049272739
-3.73382612560469
-3.54937515556273
-3.12552538929803
-4.09839028615315
-3.77293511773888
-4.08404857867367
-4.22146911303415
-3.87844483119818
-3.0920832024667
-2.96829731968064
-2.25794634907
-1.73576515487861
-1.20776460307404
-1.42737473941712
-1.25971508513458
-0.71237505578186
0.681143921687649
-0.243989948060252
0.0172300317546367
-0.432251166961678
-1.20597042503017
-1.40201032123409
-0.69138894681644
-0.0124844038496489
0.526962176980245
0.350294335875141
-0.416067581340032
0.228534556370738
0.570943837628976
0.644820253482857
1.54851193769636
1.72940196166328
0.488200728639282
