0
0.128576805241589
-0.435323391724038
0.583382668502157
0.148783608256847
0.727854093762824
0.63512389789867
0.150181015337671
0.125888279661607
0.474345183585766
0.337913063122551
0.46897905371744
0.315970290959912
0.657525694416764
2.10223936832499
2.58871102162252
2.44947140579013
2.09936738136084
2.91336347606312
3.29064244166559
3.48972558984224
3.13570764403819
4.3124148107383
4.52590435226775
4.1862505904028
3.50420365591071
4.14509688001355
4.49292468910765
5.63874713593258
6.3503198930406
5.45459126207247
5.94337170458979
5.36913215880833
5.46292449377146
5.16019533837116
5.10322339798782
5.27998676938507
5.83126037390495
6.13575570672057
5.91765808733832
5.54226628891865
5.82958388462459
6.86847382999084
7.69532080605283
7.80345826447749
7.35742720293695
7.90729343700114
7.40387087398838
7.75035161018453
7.95629649059852
7.43615816633153
6.74404715899846
6.46298320929065
6.34451624656424
7.25118591512892
7.32125703768383
7.17712474625718
6.63480351387983
7.32330352214294
7.43499500034414
7.02214587027803
7.21080737499995
6.62075249781271
6.3392726588216
6.10115878190349
5.58156063197738
5.21437434283426
5.85365660458604
5.89312391083581
4.67008218888993
4.21277545307227
4.4324241039987
4.70871357209803
3.7596227068624
3.78720849453567
3.36574141456794
3.14184808235932
2.59601400108213
3.00474674234319
2.55499109301507
2.30119483209068
2.39300585051421
3.73924169838403
3.68227051019899
2.75305194014456
3.16409762799335
3.71911244913406
4.32427975572221
3.84381054391235
3.45239776183633
2.92688149671324
2.03863891577346
2.30731937535694
2.44862231993113
2.02100729447087
2.85138757966985
2.64192327044777
2.01236752927771
1.20770815106532
0.497847685727536
0.693343663006941
-0.0630932886820214
0.854338676610418
1.09861632720904
1.74170076773005
2.48976859160788
1.74970776808827
1.43419206818159
1.20110295221974
1.04314132023608
1.44519050934274
2.07521216613555
2.42589670017632
2.50607643189194
2.47814286330027
1.72206808321606
1.659454841401
3.286383095303
4.81646555949988
5.12342304318386
6.26692135753547
6.53857906115233
6.83864864129627
6.07268703953105
6.40169744969209
6.63525239545348
6.78204868301969
5.83197028265176
6.04650307549711
5.32911323072662
4.99334544673909
4.66211894563906
5.24601614430869
6.3386725490377
6.80932683706452
6.57326551764039
6.42146699989147
6.98977791494419
6.84560612725333
6.59612046683419
5.87697715007643
4.96158499560587
5.39076857680168
5.41975433455955
5.46797211938633
5.39065035992605
5.85265311192297
6.38579191824399
5.61363423522313
5.54357549666257
5.11091009389818
5.4205951977419
6.20671835277478
7.01494461931692
6.1494164390532
6.12623307346724
5.42209252101743
6.06590597297911
6.31993714449163
5.97457507249997
6.84997402374408
6.04429917510462
6.62250935830799
6.18071133874226
7.27009035583187
7.84793105296568
7.17831338973494
7.1686584251639
7.60178736857133
7.81463153868136
8.40095166627047
7.87047592580115
8.08455255799537
8.09149659839663
7.79842330410597
9.1745926310933
8.64793503255403
8.70092704314065
8.59756226990763
8.90089304204981
7.77473165932462
8.2406519194575
7.95672426981706
8.02554058499205
8.54527146365566
8.37665386972769
7.90209056573235
8.69786988181804
8.14211109637595
8.63972066097412
8.3841257203449
9.17319771830658
8.84273851262481
8.95746758671754
8.43455149210198
7.48648172971863
8.02726179677286
8.64600442392636
8.96359634128949
9.97879548689836
9.64642331236919
9.7117183009999
8.46713992913056
7.79364531194213
6.55208936633533
6.56046722725587
7.54553543054012
7.40727056594634
7.38202135986843
7.34981971445443
6.88134583333962
7.06037335003824
7.95292620104842
8.22319671405628
9.19409880634395
8.10780260840991
8.22711257366008
8.2636434497896
9.31799890328121
9.87610375129291
10.0596725000776
9.58706890949562
10.2450762299329
10.3816351147097
9.99879249533628
9.26642842443141
9.35402323666062
9.0040795915552
7.41780460387271
7.22924096872749
7.25170206722477
7.33358638809362
6.43174284602343
5.54099841612664
5.09463650991112
5.39358318547617
5.24852508838404
5.21020570056172
5.1524992859826
5.19567021331116
5.29756934157559
5.51635376998484
6.11696874861104
4.70546527999318
4.21263040741142
4.16646370341067
4.96212735464705
4.89433418223592
4.34326647087474
4.36445704805489
4.87557728176996
5.81018560475907
5.90185319341021
6.8251142363248
6.50369384915159
6.51871407888623
6.2232841446057
6.00002496650665
6.87494096681015
5.7692860335628
6.00603347666362
6.44861238317898
5.97755358238841
5.88620340762658
6.09050444317245
5.58270490702917
5.03892148187188
5.77241991005647
5.33807301575039
5.04380533884629
4.5388775040978
4.14175376248618
4.502232760677
4.44175604336425
5.17446865959263
4.81090009506187
2.96674306118487
2.19360015417222
3.01352289895094
3.64859358060292
4.56496797250994
4.38780075059179
5.32669858188066
4.68166263752308
5.31954310958929
4.91907833673809
4.73963550850653
4.96150405718605
4.09858733692725
4.61007128226207
4.72759458552771
4.76281882786968
5.28692075226409
5.09724858983697
6.31465877011696
7.00779228178579
5.4352856311125
5.34238652070888
4.9270205810885
5.08586276645636
4.79255123618346
5.47286895595627
5.50755787604217
6.48434765054947
6.61517820305598
6.86316485087549
7.0677479743936
7.68293435155828
7.92320997394003
7.75855352005014
8.05082175621918
7.77517093868074
8.9861052517431
8.50836039105442
8.41306264644509
7.18846507743593
6.82101803686883
6.93193873517305
6.25965640841716
5.71771914200383
5.77318311640065
5.88571321635145
6.38588397853683
6.13033271642691
6.29179002682447
5.92383580031679
5.42464981243506
6.67040296161444
6.2627043523468
5.88794875311597
6.70697856252485
6.48601195224258
6.37010106930287
5.96772163911018
5.86450310179776
5.76215770451692
5.47939924043242
4.51352412048022
5.24298432643728
4.48375902301384
3.39645924234962
2.67544857895609
2.07240059357433
3.09568125296425
3.20057761123529
2.62491530514847
3.47249156425238
3.48504406923086
3.35272830648058
2.64319101317654
1.99203361921085
2.1898496410842
1.57662817191635
1.3957290006826
1.21754208045613
1.14097031986933
1.92396119923521
0.948624017681913
0.810624510859738
0.0678864059058193
0.31494779461777
0.296793114083868
-0.162695513424928
0.16786293264068
-0.392929036831677
-0.495506558734499
0.659726757457407
1.76986290289618
3.20488007268238
3.49859232688814
2.88842587804649
2.65778579584104
1.8762005487699
0.938745699054111
1.30033979991232
0.979577858415792
0.327514518531171
-0.133217775420628
-0.712291263136621
0.284113489859416
2.09382941601129
1.64382533788646
2.07514110434956
1.89856026443923
1.74962028968793
1.43258996395538
0.757703014315997
0.779224883395574
1.10469410114171
0.909219475430328
1.10466806674474
0.631019604688155
-0.0933705315291812
-0.80970185664453
-0.415043878628914
-0.807983732544467
0.211672650128025
0.428631794365283
-0.356497683140097
-0.416743260810759
0.916602974751173
-0.279420188321227
-0.162786045163083
-1.08372086173864
0.0977406630095876
-0.158320773347263
-0.857568706581953
-0.851849603106504
-1.03900320024682
-0.788699641458086
-2.31443978628039
-3.15531098947209
-4.25163635362053
-3.99563348655841
-3.70131665852573
-4.60363582474716
-4.60601208776235
-5.97941045805556
-5.66981369994767
-5.01955512888052
-5.28143347473012
-5.56387125966197
-5.23860997117543
-5.09063146674634
-4.19429397587419
-3.55832227438258
-2.1526668582395
-2.96071813341438
-2.66921746032158
-2.33550921733492
-2.5255168101832
-3.95550167541897
-4.27852253733044
-4.55762290099498
-3.55350818879276
-3.56767749953652
-3.89177176185985
-4.21529279057993
-4.30093912833242
-4.71876119284423
-4.35625995576278
-3.91610027147244
-4.03878946549356
-3.76664828332683
-3.41196620479449
-3.9472340954479
-3.69696730511022
-3.22770995220627
-2.95157700798157
-2.66077269080942
-2.94566062747688
-3.17662875836828
-3.42565446445418
-3.40948459492454
-3.65448994016806
-3.3479463203316
-2.86676498758289
-2.7576187320238
-1.64653356131285
-2.46237846436502
-1.60743748095196
-0.859244439371126
-1.65808012198109
-2.64862461536554
-3.7650533776317
-3.11124362612782
-3.00265705476458
-4.04085221284953
-4.19675912987415
-4.51569219744683
-4.53141094018043
-4.68660536848516
-4.92946220892403
-3.66182873532851
-3.12143890554356
-2.10606590595656
-2.35242403861335
-3.94159347891878
-3.56569731902701
-4.03364753398195
-2.95559015133997
-4.92711104262716
-4.64219794208195
-3.79134403426105
-3.46110953601593
-4.30907625340499
-4.37447226377414
-4.24846891988567
-2.98598043486964
-2.9214151721678
-3.02490418820001
-3.30776376084664
-3.23781171682773
-3.18725540216046
-2.21917615930077
-1.93486063775176
-2.30402732425373
-2.6673488834442
-1.85127696642566
-2.66412926824393
-2.81700837330171
-2.45993309959395
-2.29675743376419
-3.73552191811704
-3.3811137796097
-3.59164624962664
-2.55127004287772
-1.55720654144984
-0.239824988339978
-0.639836860866959
-0.713227747008533
-1.74187219087667
-1.85314525781166
-2.33407314898321
-3.59444895006353
-3.99636318971682
-4.39165601305692
-4.65879565714507
-4.17242467893568
-4.0267611580911
-3.85936861047422
-3.88230510927803
-3.63364587242414
-3.18354830568955
-1.92056672043681
-1.72015237371201
-1.55818924891353
-1.60491643036044
-2.49292156119136
-2.34502505572658
-2.95642997730118
-2.28830791303878
-2.98582787317704
-3.60189926777358
-3.05566605528701
-2.48362030361601
-1.53080637427545
-0.399487690822664
-0.246119347037379
0.0255804877774731
0.39941628790088
0.189102295466784
-0.289360743412406
-0.272161130499514
-0.406119368692807
-0.916618489300445
-0.0769267678835365
-1.31619796213434
-1.40175123114125
-1.77446749496142
-2.16819053739291
-2.05004733559271
-2.6300904120518
-1.71111922689731
-2.5459893057177
-1.74298503310535
-1.25715938337007
-0.0455806284651938
0.638305359761552
1.39031821415691
2.60065974364592
2.25723043146061
2.12090917717728
2.47899159007597
2.76135884984167
3.76417475303761
3.33162470925815
2.64801378145913
3.54616780828755
3.61545295870629
3.90007954414747
4.45651296539078
4.10911869954396
4.38243532419791
3.80274258293763
3.81339840782261
4.21075330963484
3.8798023513935
3.76553470495441
4.70942053050826
4.41995225448859
4.54046289257325
4.331619418178
3.49263275917699
3.72287358051824
2.68082396571207
2.75467139329741
2.96508743885025
2.25016415498911
2.45066747416718
1.9980133380741
2.54687730626457
2.77192663843855
3.42483487804208
3.15234762422041
3.71190897912042
3.6856923596494
5.08411935181999
4.93556738080143
4.31105044714398
5.20906291485468
5.04373311006516
5.32052784500696
5.47922372982365
5.46082579260403
5.18497574010266
5.51557353441188
5.89239145677428
5.82886510809406
6.99378725242953
6.97533315129951
7.36416625837002
7.20678502046972
6.84833479873336
6.96254511197749
6.68733194162212
7.61988213065551
8.7917157197106
7.60859394077084
6.88985880538818
7.51352364443895
7.2098066831709
8.07480221018235
8.72783011413433
8.60212604003969
7.3680732423486
7.84968521330298
7.69282088944428
7.25800184888216
7.48647871777331
7.91113615859742
7.37819484322116
6.73965798610514
5.6678855962303
5.20952701339875
4.83641437150348
4.81638995279953
3.98533080251732
3.98756945976651
4.69025579360087
5.53130025082164
5.44531553676652
5.2497710709145
5.54954677465404
5.73071566116452
5.45078505960344
4.98797487062586
5.72185893470212
5.97834457089996
5.83398432993146
5.87117083812914
3.97094096548305
3.40905881223484
2.92981619483406
3.96550640201684
3.79903256647853
3.46111911775879
4.0372545972134
4.30049769511994
4.32409660290236
5.88483086570682
7.20102753343716
7.66657181323581
7.39195942456723
7.5086871331545
7.16294241868778
5.81963850353296
5.71346560973712
5.49031867327543
5.64048686395077
5.96499974346278
6.66317981854702
6.11198479375779
6.11026476070127
6.36426372141218
6.11163391736704
5.39830890358278
5.08996132200356
4.80843509008098
4.69011317889426
4.25776595363272
3.83567598584019
3.90874778985148
3.79584231437173
2.68407978318282
3.58587023212145
3.5466048351842
3.90160503616564
3.54019209753867
3.11894858418429
3.1573057530064
4.32093280485913
4.52445208623974
5.33394664746779
4.72482100817085
4.24219347247974
3.78689720807024
4.94174271496023
4.62499530310123
4.13487130202211
3.99389133443999
3.98129466378782
4.3726946611926
5.18189527120469
4.70731701665891
4.33517627579943
4.98924538580099
5.28652022783081
4.05003529288705
4.14808248354654
3.678368744982
4.18407576244999
3.54933969410764
3.34945780682003
3.17414403094456
3.34621215950445
4.09448849873719
4.06468866561655
3.28717813262843
1.9863686756698
1.58148238102968
2.76163090653276
2.01422119360436
1.38438245904806
1.15389598475403
0.861783106849612
0.0265882787683713
-0.201230970226297
-0.710960204425489
-1.29955439248591
-2.25917476107285
-2.76692996806262
-3.15590097940645
-3.28684122182384
-3.71750071332336
-2.50974025150359
-2.95770631057961
-2.65166539667252
-2.90599261345603
-2.92573808056391
-4.57226039394329
-4.57890004861435
-4.00913843374878
-4.54964419335028
-6.59230668103901
-6.68415027328553
-6.91028239841327
-6.8188600965023
-6.6165326253699
-6.4850369336117
-7.85980705147276
-8.72726875655004
-9.17064054912839
-8.06367140393772
-7.57748371004472
-7.57891960728216
-6.77997298572305
-6.60658247576211
-5.6871762565636
-5.79887248192285
-5.42863344522545
-4.66227703093639
-4.04680478716215
-3.94248227354207
-4.14655757897811
-4.25440197491248
-4.63208527926257
-5.41246478843372
-6.06038990111041
-6.18807669266825
-7.1549941117033
-6.75790856928124
-5.78337729164173
-6.41786269854701
-5.96530998578814
-5.52761031949371
-5.75052447354295
-5.5797950067361
-5.03138720406193
-4.43085496715473
-4.06553649323886
-3.47544708491038
-3.45457903400821
-3.69499330180189
-3.42114673541681
-2.93449738115248
-2.87022489522108
-3.53355410349753
-3.76876928603668
-3.22347627655447
-2.54505284284382
-3.51645385968334
-3.81349805250107
-3.8390125375535
-3.49595385358049
-4.23015736133843
-2.95278646535355
-2.64923559193862
-1.86989398214152
-2.09004807147672
-2.29361793163363
-1.93734647167505
-1.06948275126218
-0.569483626944527
-0.873532225618061
-0.720606340179088
-0.388108374240413
-0.458809464244353
0.259333361979109
1.16190846381015
1.02598399510204
1.88537931614658
1.28233118394364
0.840358365922864
1.91140576112884
1.62011610550728
1.25829829303111
1.92857244378853
3.01467013728227
3.61457416340844
2.08549555561944
2.69279993375384
3.00334620564295
3.33143346982194
3.674172765152
2.66962882265403
2.64716743201249
3.21246822152767
2.46328780737687
1.38387631943617
1.228163482223
1.16755318444918
0.855571078490777
0.570533119239227
0.424199300116531
0.642429881926981
-0.11144390588469
-0.320960242505514
-0.00413414000694623
-0.113848737197345
0.0488893729911304
-0.342510794206393
-1.04403384272667
-2.41625675039706
-2.43508804610316
-2.59880446696124
-2.25976143658113
-2.61267805385368
-1.59441036149665
-1.24172270806277
-1.12382805626691
-1.78075805816499
-2.00986873766972
-2.87988685638598
-3.21739759749325
-3.04228990592601
-2.20895405998138
-2.31590149727198
-1.39984129805235
-0.35749206782964
0.283639189147701
0.317166825966641
0.945180378897571
-0.103676624517243
-0.0138361447195704
-0.439583153753185
-1.35134213821423
-0.824519990043534
-0.661898954384688
-1.09585926380066
-1.10513329325255
-1.64565679564531
-2.82907017090395
-2.35925165756008
-2.57723226911678
-3.45729589236755
-3.95009490332457
-3.55829918056796
-3.73118546693303
-2.71756451801219
-2.81125188429171
-1.85439677977472
-1.5910769307314
-2.05724012394417
-3.07493830644055
-3.40154886712269
-2.65216291813985
-2.51854199768818
-2.64874216463593
-3.35244291694088
-2.18902553536773
-2.62987928297092
-2.07007394563961
-1.55916801820743
-1.33828427736374
-0.485364530210753
-0.888053845262783
-0.0029466506056145
0.775029045187283
0.960628787841776
2.85503057293674
2.91873939425181
2.72467051503583
2.89923107576628
1.94941258175927
1.19209611890478
0.610356115016217
0.697143621054661
0.0416368171705304
-0.251839078270817
-0.263928406855462
0.449228752414518
0.603750650590894
1.05360776176726
0.271919217123522
-0.381627382612493
-0.630855208859802
-0.914827869076376
-1.06876057999783
-0.485232238582612
0.462420440882172
0.640293365590253
0.614213157861282
0.59286741181763
0.172370456866947
0.768031421062936
0.663810081069144
1.16348184201489
-0.106355479818484
-0.506309374267091
0.205072237282196
-0.317333325272849
0.300497365627544
-0.804507278225875
-1.31489481738459
-1.63381130043106
-2.6010911233667
-2.46906401477441
-2.82518260114408
-3.18023101920499
-3.36026748978696
-2.61979433237054
-1.34007623296348
-1.50760801713215
-1.55720481360311
-1.7211886353132
-1.30888133496305
-0.704086957141142
1.58844206539805
1.09632723365978
-0.504683501660717
-1.26858533217971
-1.66109579020538
-0.76903782440577
-0.401796970866197
-0.246535710194668
-0.678547901903059
0.180585744494525
-0.590069973171665
-0.912460566396181
0.723470504150532
0.255757476423337
-0.272104670798185
-0.406594944425377
-0.373012104987925
-0.884596630283019
-1.47550033047902
-1.98456180735255
-0.509919887619504
-0.714698244116335
0.367037727802581
1.81079702211176
2.20651054678043
2.26333773553721
2.41143366047603
2.49756565598204
3.01690522258433
3.00214607131056
3.37064650831267
2.5670714577028
1.46724791403303
1.59095881066435
2.23839940772778
2.64548406060188
2.17526520709787
0.753355928822339
-0.203209534687456
-1.38174712393626
-0.404878942174376
-0.0745072447647557
-0.20040888977778
-0.965124517725038
-1.23154929891354
-1.17618651375165
-1.81843462285715
-1.15694778216199
-1.66673749300993
-2.0889858460171
-1.4319476881809
-1.64532451814377
-2.53993916360912
-2.34483162086349
-2.7633160691287
-2.9257356282444
-3.59768020710653
-3.4714293447852
-4.87987191396213
-6.05802551315351
-5.18427275817925
-4.76420196558083
-4.84321715581769
-4.67473551744443
-4.87492005689961
-3.93786022837436
-3.97869883818398
-4.13326289608972
-3.40997701315268
-2.72823123679311
-2.78847565199776
-2.34634172271455
-2.44220052820125
-2.20106961599158
-2.64031967028917
-2.46539665244216
-2.85041852940343
-2.95688553447114
-3.24446620107177
-1.79229752928006
-1.70540194651371
-1.94890669967128
-1.18890185332884
-1.22337374526964
-1.07591030497051
-1.50068975780623
-1.49334658185271
-0.0202872300786812
0.0174955021608597
-0.897636362093154
0.494353513193406
1.96613622226321
1.67199939605657
0.896122165281368
0.986420708819019
0.650994669910617
0.86427615883786
0.933304205690501
1.88906466754568
1.89437535229928
1.79040835742011
2.2423306245443
2.67461668137619
2.64019867384844
4.40128582211505
3.91755192381443
3.26629233441513
2.3792514723941
1.54920274755502
0.928241795840848
0.545603554787526
0.719411591678
0.591106238223453
0.934176669609434
-0.0950224225890863
-1.59381994366978
-2.13892329907078
-1.90365902857498
-1.72637478182707
-1.76568663945466
-1.28817929285095
-0.858830902093113
-1.51484177185484
-2.20112074084645
-3.26474571520575
-3.28090283056921
-2.6634574230348
-2.31792344729255
-2.22870826449536
-1.82216272836741
-1.03820512152113
-0.679471375197217
-1.53199820067003
-1.98834591568329
-2.04855108873856
-2.44390751115102
-2.91872156810616
-3.69384421507356
-3.80071434646749
-4.0487379122275
-5.14353965315302
-3.68635660759853
-3.31532924852018
-3.50050873729509
-2.10037271974319
-1.16811172619711
-1.42477783186779
-1.47128103948465
-1.38379314201319
-1.27374405097092
-1.72478197601655
-2.74202529346026
-3.28026647768112
-3.80335532461046
-3.85960006013655
-4.20672090997107
-4.39353854327796
-5.19063386520892
-4.50059359441059
-4.07779996646559
-4.73891640335939
-5.24510657008917
-7.17834908984337
-7.7898297624323
-8.26855089732203
-7.34400430341918
-5.63622994779951
-4.89860309354931
-4.43184072965595
-4.69467906615406
-5.85654430313184
-6.27547031800712
-7.4814947287343
-7.18000317596405
-7.40510530347385
-7.41405359883981
-8.02267411710823
-9.29289729724374
-7.87731064724038
-7.774402326274
-8.20603520072702
-7.59876495537302
-6.90197271893266
-7.67744068377756
-8.34670038321343
-8.28033423984625
-7.20239884926501
-6.66060569679643
-5.92659787337175
-6.26242174833036
-7.35279544984567
-6.67809457488256
-6.32370131854655
-6.28222071361458
-5.92086476010418
-5.58175261224717
-6.17491775454481
-5.87812481694857
-5.17444971934068
-4.98926447044938
-3.36548486340053
-2.58934034306643
-2.50908569650691
-3.58739638443609
-4.58067132179113
-4.30255763819585
-4.34253868226613
-4.14253568639188
-3.36614834461788
-4.14483110743275
-3.94454935912194
-3.26957131212244
-3.46348903287041
-2.76425571563853
-4.10827188939219
-4.46213680822498
-3.73893242620476
-4.1730838222544
-3.9030985014887
-3.03409586096677
-4.15550917301736
-3.88918605998768
-5.20960604953827
-6.42428993294734
-6.8557644812678
-7.40524547438386
-7.58075720562813
-7.89873070888274
-7.33728503522858
-7.05525679091256
-6.50984401787895
-7.0823432746806
-6.75720606382812
-6.3012698475158
-6.42356561558007
-5.57713778384112
-5.60820448120927
-5.13509673922148
-5.52552810487562
-5.14972659770464
-5.43777811035523
-5.30188180589719
-6.04412400731657
-5.15043910199259
-5.86222185358083
-5.31723992804645
-4.28702217825443
-3.77238224232475
-4.1095888025165
-4.17067675563756
-4.60920234306207
-4.81789109107133
-5.52448928467002
-5.61598114765291
-6.12903417869066
-6.62742540010175
-5.43102467510394
-5.16875125934729
-4.85302514600601
-5.15306847612486
-6.26502792000074
-6.62311546817349
-6.65217198644907
-7.17123170804093
-7.61194454533283
-6.88092864835145
-6.75783277848241
-6.77439636443429
-4.8553240942542
-5.68463273887648
-5.69548716627617
-6.42473573683959
-6.6285466244108
-6.97582508187486
-6.32348523587004
-6.1827831330237
-6.19594660399777
-6.46726330617716
-7.3732902460668
-7.7167058086436
-7.98483195042728
-7.08671169813433
-7.3907386979635
-7.25873095761787
-5.69192890406152
-6.12778918018912
-6.50127929974321
-6.25131901561614
-5.54857281327862
-6.33335163101383
-5.42444006603014
-4.66385736982388
-3.57225626605882
-3.29848094561873
-3.42562819222164
-2.83985950121056
-3.70512720947854
-4.65840240546181
-4.60269401170489
-3.86904225084912
-3.92486350959105
-4.55939269399559
-5.02658031298007
-4.28726467407899
-4.09340038263993
-3.2945883827479
-3.87137478587276
-4.47203244178539
-4.6781819411397
-3.50946292528578
-3.54623981559589
-3.88563844222793
-4.4798065187985
-3.79631097381847
-4.18980266204839
-4.34674293108467
-4.67165097545333
-4.89971067476574
-4.87922005430073
-4.30875491278844
-4.96010120944095
-4.30730874096828
-4.60020975518721
-4.20830448809191
-2.74683684176516
-2.90565840569272
-2.43245603156718
-1.42961351331535
-1.2509368737252
-2.3414015959755
-2.07419251019584
-2.88598732074963
-2.62883259185137
-2.967236800236
-3.24982919733354
-4.2010059313061
-4.81642147300057
-4.75157675236981
-5.35697630333502
-4.01889682756726
-4.76417633478182
-3.30368028022325
-3.01543026219327
-2.83591610062779
-2.37612573183461
-1.66460240968243
-1.44864339900824
-2.70636333158593
-1.6412838615814
-2.08717778982379
-2.43905109034535
-1.76279673264708
-2.56859868096475
-1.70247085890194
-1.44610098964673
-1.88770796167446
-1.55872733900763
-1.53144602274624
-0.775866610692514
-0.886628198610933
-1.79507144319893
-1.38863443852817
-2.1498064793555
-1.21489539116511
-1.93105042071198
-2.84368435506645
-4.25869609428497
-4.32163414867723
-3.32360687676329
-2.00996715242309
-0.334163786523603
0.521739991905039
0.570269085226375
0.382288074285207
-0.1528419109387
0.466727570270409
0.625792651757874
1.03804153512907
0.205099199163927
0.442442890284734
0.318655822837124
0.488406406350076
0.64278253247136
0.622884215549757
0.689305193339419
0.392605465313547
-0.234296435847251
0.95538656758706
1.07182383864547
0.200654051417782
0.21495273642212
0.729599041111331
1.06315087086902
1.62383305681606
1.38435058044124
1.45594788394406
0.364860787969292
0.835064782107106
0.27454481758314
0.481001704121998
-0.599726867572945
-1.64790249894178
-2.01110485205976
-1.47017719966199
-1.64442237686542
-1.89413248910261
-2.60362509566662
-2.23265731676077
-2.03578467537032
-1.95465668248738
-2.28384831832106
-1.84650923168548
-2.56094720141784
-3.48824124084189
-4.41176427358915
-5.00740588882679
-3.9324611805912
-4.09477541143786
-4.00929037084505
-3.86661013937214
-2.97209702526143
-3.13399519600779
-3.42252255815069
-3.24985688789834
-5.06136380798144
-4.80135538779733
-4.47482204568691
-4.32682831542612
-5.80219977755542
-5.92105546844001
-4.24154577185649
-3.93502425721703
-3.17617397746578
-4.19364312442856
-4.19130697178105
-4.31966623593403
-5.15568984490193
-5.20240340462726
-5.74562411138783
-6.06183405109566
-7.10686101604458
-7.72793039308385
-8.27871192546253
-7.18756478480163
-7.62690869612073
-8.0770229731378
-7.62764477699112
-7.14231504222822
-7.68225999437884
-7.39122103080527
-8.64657499286287
-8.40825374366401
-8.64581687842277
-9.32201685061314
-9.16027894021782
-9.46249735516346
-9.13842859719134
-9.78857877193179
-9.46284901975404
-8.83238028347652
-8.80466915554152
-9.04730234939828
-8.59367504827836
-8.54167860374743
-9.06896198117061
-9.07658038544002
-8.89444003306173
-8.51135855920368
-8.50100361995862
-7.87942785698968
-7.93476023803698
-8.38648264949029
-8.21598468916043
-8.63388711789788
-8.75365535631542
-9.10506239616366
-9.31764214677473
-8.00357416087435
-7.60926399192984
-6.83354103512863
-5.92583597477771
-5.77313594738405
-6.14403743950797
-6.65528250826641
-7.13292530172322
-8.39452124140989
-8.65162408913553
-8.82261892269192
-10.0689590932833
-10.2667302412658
-10.024810599834
-9.67614297425224
-9.39784906966279
-9.57773022018711
-8.97522539509586
-9.58383408972518
-10.3934843362702
-9.56039844861702
-10.1827283687113
-10.2474812443023
-10.6167172349795
-10.2696593384796
-10.0218654173022
-9.30431780701342
-7.8371753800097
-7.42148802980796
-7.40303715698313
-8.15578452247395
-8.03762817936096
-7.6814398204767
-8.09225388682876
-8.62576654639955
-8.51977457285805
-8.8705936337154
-8.55830351329502
-9.13899861773988
-8.4237869627936
-8.55426837177958
-8.79690736728762
-9.94953121802244
-9.8104067621505
-8.56680549602674
-8.57002092401884
-8.65510673772967
-9.70797752116765
-9.59915645062202
-8.90174221696069
-8.21640470708645
-8.10053486113849
-7.77679835807796
-8.43586467335882
-7.40506363885338
-7.35623521793286
-6.0680809480714
-4.75046946327791
-5.03035208853725
-4.62520400007016
-4.5874586363328
-4.30036202078409
-3.70825870071472
-4.47785919068208
-3.91236223721473
-3.29452934790877
-3.47727479803145
-2.5819812323239
-2.74021772478443
-1.68356484046391
-1.4887675050627
-2.64499551362231
-1.93225708156296
-1.64087992349843
-2.16777964974437
-1.90088961227493
-2.30720853576391
-2.30684544354244
-2.81022646867723
-2.48683500788703
-2.57904980387029
-2.60039082956444
-2.69627968266763
-1.86030224125054
-1.85360685944855
-1.67984810437621
-1.20551672140767
-0.553461015081683
-0.8595877025439
-1.32812808738388
-0.682326899663355
-0.625464472302818
0.379744426328985
-0.0659340439808399
-0.552167992581118
-0.644550512418199
-0.909289063461066
0.0398106138635271
-0.807511012952244
-1.52871373110045
-1.34166554106992
-0.943818271617623
-1.60614524833365
-1.52340953298521
-0.633858116175759
-0.132651176126397
-1.2201920231534
0.116327730359771
-0.393335745725038
-0.239607037398499
0.093571307589686
0.404082252653882
0.599453737984913
1.71951715710176
1.22064429700292
1.78239176579389
2.32987774495551
2.48722016593024
2.03610625807966
2.40541889924784
3.44506598667334
3.41148850870539
4.01198444003973
4.73406628189301
3.44599180587823
2.92567204704949
3.3719140560074
3.11824934571929
2.04280192903263
2.50970809334719
2.01296047468858
2.7395054258793
2.2279016729755
2.04668289444321
2.48528024964893
2.80465307927798
2.55339787864705
2.93985342764081
2.79105320724819
3.39040225585254
3.38568680496594
3.57272997488916
3.47628397808042
3.06247921420416
3.08135669796298
3.75811766405119
3.57763252844156
4.90768948877959
4.65974560990357
5.1293569786257
4.99227753241834
5.84470277422596
5.7029367449861
5.46803065347951
5.01854215548824
4.61651773773452
6.03940129476073
6.3167313231683
5.5410606699777
4.75857876876706
4.08274081211993
2.90108925396959
1.73773396378992
2.22099229901313
2.69207493825127
3.26422389298254
3.34696574938502
3.1850396124883
3.68507145346259
4.17163476877354
3.98655340082744
4.60710151524008
4.69688834278079
4.79689882546754
5.67632416272673
6.04472802091713
7.41161329180416
7.49696693422045
6.67685012406139
5.29279492462392
5.09168594470177
4.3961781170814
4.53153804212918
3.9660448455103
4.43662278399235
4.44378444301311
5.12849404488129
5.6138044531644
5.34633297126519
6.13530213445594
6.48976809672092
7.11467322022887
6.56869962321583
6.31506940959229
6.64464518056182
6.28421836437467
6.46814353165286
7.01799600514656
6.40505359602818
5.66732334073248
5.05445095949237
4.55517126763415
3.21620529829439
2.4076870252079
0.940321309314781
1.03504860715696
2.26902948625802
2.02550043516315
2.8345546559195
3.8713201369015
4.29957654783131
4.32566820516011
4.79379506625804
5.31572440165739
5.56491088979417
5.68634596991351
5.7789824125474
6.15619246447334
5.56658932920964
5.37209199494954
4.88503526770641
3.7843568952043
3.94504773995322
3.34820521241143
4.37734809863189
4.22326683941443
3.81896350175771
4.21424673927776
3.7635558408013
3.61824193428826
2.50586916900499
2.26989165172489
2.94630120024175
4.01280264976835
3.78956696839908
4.2790054293295
4.51170631700966
4.90246350735925
5.77809767488736
6.19049227461628
5.70832304445762
5.41780210823716
5.6466044088299
5.95715251257856
5.07125907469166
4.12484678783725
4.08181904323646
4.73799235473413
4.94935048017636
4.14424386419772
3.66515693541889
2.36248010427063
1.50450879032854
1.64071879419906
2.00402399997048
2.68543234688274
1.26681715225169
1.39274687460554
0.96132366696547
1.19594957686636
1.37028275600742
1.19774122994335
0.712448870835009
0.414636776324629
-1.03728899751927
-0.976628684164644
-2.36349930061969
-0.855280399031882
-0.811695393560238
-0.924295857419043
-2.3431592186473
-3.18528005871562
-4.23767345477248
-5.63436698312223
-4.75130042693314
-4.82697657390146
-4.63484229869816
-4.03499844667453
-3.58132624660745
-4.39029791532633
-3.97540429402911
-3.56786590844055
-2.90767872181824
-3.31633095849195
-2.91124307520494
-4.32558331823478
-5.53322036542816
-5.27373038015849
-6.33839518489155
-6.86677537765019
-6.97140187570272
-6.43433949074401
-7.04682924516088
-6.1455948783879
-5.69076736307088
-6.2902176925618
-5.75482607338849
-5.93436594423129
-5.09117546650591
-5.73435995768364
-5.18538837441032
-4.45015370875805
-5.89312052962966
-5.81796959202592
-4.97078669792455
-6.08585688252415
-6.07312478435665
-5.38642300293674
-5.15178518619186
-4.81806683812567
-5.09009808669901
-5.16470304803183
-4.37150333427772
-4.75759595479752
-4.77207040992583
-4.56526710278635
-4.04665233179997
-3.93004906027043
-3.13585948223628
-2.75071276516333
-2.57092140360462
-2.7652853790755
-2.7737597861608
-1.83159927224888
-1.84277219320858
-1.0950843353107
-1.5357725251787
-0.808977272816521
-0.570486774580344
0.253333095125884
-1.19501629270669
-1.41613943498961
-1.42331562539986
-2.29463915348535
-2.51394344498477
-2.13681384765007
-1.91829805482786
-2.96929233282409
-2.30474955242891
-2.95689357784558
-3.69003527695045
-3.40853697431851
-5.07006189810581
-5.89343393388191
-5.51272639670211
-5.39481958254173
-5.29558270589386
-5.60793937771955
-5.3386408740907
-5.05206466976349
-4.91930610387259
-4.72884455945643
-6.0865469790831
-5.78656815524631
-5.49541410271607
-5.56682508047518
-5.07763104340005
-5.38307305390213
-5.27467550469073
-5.37508545818044
-4.86100754844237
-4.44629370610839
-3.57181561289522
-3.39980917731452
-4.02262715315152
-4.44133344819131
-6.06734147422875
-6.95631828281913
-5.93715967064115
-5.59210826677999
-6.47959483721363
-6.41897955261173
-6.40071840245863
-6.83801095245871
-6.49432203575975
-7.03568737491852
-5.72284106677045
-5.90911914347216
-5.85487019840425
-5.73342270323505
-6.25169436397331
-7.13358431481388
-7.94833165495653
-7.66495258733888
-7.67447341715478
-8.13016434572447
-7.9507993015961
-8.63146927202236
-9.33542362147832
-9.9813377237033
-10.3897859840934
-10.3835054373518
-10.7823079250507
-11.017168506903
-10.0784509597341
-9.75311787371887
-10.8317053370964
-11.2544145636435
-10.3602345547717
-10.9693313276655
-11.357242177789
-10.4960869995347
-11.4869021102403
-11.5453327960189
-11.6684503343668
-12.6290893074166
-12.871508942947
-12.7289962213929
-12.3577175874097
-12.7117674502898
-12.1127911420954
-12.0336341235115
-11.598396744924
-11.6075022653501
-11.2308254117477
-11.9915999705557
-12.8250711005263
-12.2178562316913
-11.669054558082
-10.9934842386969
-11.2108156117525
-11.2890346844951
-10.8015849390667
-11.1096377188887
-10.4010432690704
-9.47415380742247
-9.06901221413978
-7.9164151400675
-8.1158126316213
-7.20318093136501
-8.40275666197868
-8.24152491770069
-8.27362105259023
-9.25016201001511
-9.20636704843754
-8.7735825400689
-8.6451983735689
-8.49357217834947
-9.37023655727095
-9.16548569702283
-8.62102394701236
-8.80767530709925
-10.7001166521767
-10.6181702143772
-12.1075815248596
-12.6139699589768
-13.149974140575
-12.4286969331319
-11.9773208389279
-11.4452820633141
-11.662044588292
-11.5354567188883
-11.2984955396711
-11.993598059145
-11.4055207081297
-11.5565376105467
-11.1932037488502
-10.8644352505775
-11.2823703079284
-11.5192044415974
-12.020389116088
-12.4058566317768
-13.4723772851923
-12.9658260394314
-13.0921880322057
-14.0968116122085
-13.0763581664707
-13.5722430496956
-12.7278643757414
-11.910499122658
-12.0726907511203
-11.8178721210564
-12.5698726813482
-12.2266026892738
-11.2572158486425
-10.6990422058983
-11.0558204070882
-11.7672853949308
-11.6085891077945
-12.1726544336674
-12.9766516085169
-13.3597431783834
-14.9569657822679
-14.4396281201663
-14.1904559936768
-13.4269189099766
-14.6104626295293
-14.6091779691003
-14.3497364473414
-14.3722084674764
-14.6949337067446
-13.7411573614703
-12.9189368308125
-12.2521843135338
-12.0704148214728
-12.7209889276305
-12.819423955879
-12.6933521036223
-13.1343124297372
-14.0250272350644
-15.0956867278735
-14.6643658998563
-14.5885327753441
-14.8217032029394
-14.8794706593848
-14.3206824046491
-14.109246671491
-14.5753247114452
-15.6737113741178
-15.687838652665
-15.017188119782
-15.5408386573587
-14.7925015491629
-14.4044218288631
-13.8692581192392
-14.1734949435997
-14.2996379587717
-15.5686453029701
-16.2169360819634
-16.3388803300884
-16.203046390593
-16.3600050424766
-17.118749920268
-17.5092431641537
-16.5260269663715
-16.1041358273993
-15.9694006857769
-15.3283683653005
-14.7698048775156
-14.5988478361423
-14.9530758392157
-14.6035503232835
-14.2495791238185
-14.8362865496192
-14.574903418077
-15.7467646384215
-16.7305120211072
-16.7436821435095
-17.1446465436156
-18.1641411860985
-18.4149898064617
-18.4187982779003
-18.5092399260447
-17.3496445596689
-16.9193881363715
-17.8577414492032
-18.5995599003437
-18.9059379991681
-19.2089362319092
-18.9996267769048
-19.5621187749681
-19.4745303089148
-19.9506468291285
-19.1867775082904
-19.1777742296443
-18.8329860263997
-18.7853229015638
-19.2623537279761
-19.4471600983805
-18.8416616273673
-18.9479584829055
-18.7521033556486
-18.5622710028081
-18.5346882802009
-19.028344104479
-19.3216358359336
-19.6455585552691
-18.9031550315785
-18.8195501844751
-18.4696995886248
-18.3187700149221
-18.6896767052787
-18.930776039298
-19.4051998662574
-19.3639519940248
-18.7127189267691
-18.9071075738066
-18.9847137824801
-19.289512410629
-19.2262853684408
-19.8917855139257
-19.4340577192044
-19.4503115223059
-20.9088444937598
-21.2604984511859
-21.9509910661667
-21.723717255621
-20.7565292140124
-20.7829947638574
-21.0768296641298
-20.1189794639087
-20.1961306308343
-19.4368631817802
-19.7647006226784
-20.0320393396271
-20.1247635200113
-19.2021495785119
-18.562279348943
-18.3673659609493
-17.2636658583876
-17.8763885044665
-18.2058079309288
-17.8766821827316
-17.9287162536835
-17.7768331830751
-18.1673668619282
-18.3151943405763
-18.1046751961492
-16.8221389462913
-16.6707987375461
-16.5999432002153
-15.8523961893254
-14.9184894490704
-15.1976524013657
-15.7500927722004
-15.0295384059135
-14.9761569507055
-14.6854364253633
-14.7811119418926
-14.2397037525238
-14.2497824062617
-13.9853360514304
-14.0717161805834
-13.7067824771192
-13.7874966222463
-13.7474223834656
-13.3937126202742
-13.1124230282334
-13.8811809363882
-14.0202002551361
-13.1984928929333
-14.3490382381373
-13.7909040331384
-14.6394663172476
-14.7543519140287
-15.0750277262939
-16.1062964638542
-16.3673256230217
-15.9626053190065
-15.860821737816
-16.17567333567
-16.468602958484
-16.9894603577717
-16.7247880050298
-17.6042816140454
-17.3103194342161
-17.9796803494491
-17.8444280222408
-17.4429851699871
-17.4849591783962
-17.3437139058509
-18.7976938734781
-19.3690439434175
-20.360809716821
-19.9390983643903
-20.2119528983135
-20.8553886712802
-20.4816508472451
-20.3074710107883
-20.5485037871467
-20.572935222379
-19.8435277895233
-20.3330998488598
-19.9445844156646
-19.3832120613697
-19.0865997705299
-19.2668892583098
-19.3102475459816
-18.9485016559824
-18.6256308037502
-18.6630708403796
-18.8379151041295
-19.3791293698636
-20.3203111857242
-20.3204239704664
-20.3616391327534
-20.2882552501032
-19.7074966370822
-19.9619004958439
-20.7923358283492
-19.9897292791346
-19.5281427333622
-18.6654649596947
-19.0496824413063
-18.7119383417553
-17.923240156147
-16.9451864386911
-15.9933454054142
-16.7954522487827
-17.6721388098974
-18.9228493712964
-19.9015227848078
-20.1700878456999
-19.1187120102772
-18.1773450301521
-18.2963996774893
-18.6666801860191
-18.2727353695244
-18.086625179128
-19.0092852098067
-20.1961828842511
-20.6140818813649
-21.1970859876773
-21.7691122568729
-21.9438301385055
-22.4806879602672
-23.5981245793169
-23.5606534873191
-24.7223551116017
-24.018367863043
-24.7172290635856
-24.2611832195132
-24.3415012804005
-25.0580783361795
-25.8596659996411
-25.6901475086558
-24.8987357615122
-23.813438651315
-24.0875365701921
-24.3475825844413
-24.1240023906149
-23.9292041687399
-24.2569165779
-23.6563243991871
-23.8737043780992
-23.6212400444705
-25.1246866055952
-25.0431681053913
-25.0464844675895
-24.5701662472738
-23.6515035282599
-24.9270319793784
-24.191081108419
-24.5237419083814
-23.793165989328
-22.3103840687029
-21.3458201733105
-20.7736870524418
-20.0340691136475
-20.1803664823892
-21.4611009474058
-21.3083915066333
-22.4378302296859
-22.1488428079399
-22.5774758160517
-21.2820287650148
-22.1323016135471
-21.7354675390573
-22.7951317403715
-22.7726305461352
-22.8218873515049
-22.5332943537001
-23.0419586084412
-22.9167161879398
-21.5940876747865
-22.7309737591376
-23.1314848558669
-22.3376304148299
-21.9535805756898
-20.8674242478169
-20.6460834397901
-21.2319845417627
-21.445991608776
-21.6759854843767
-20.8682803247646
-20.7013573006319
-20.90902107102
-19.7841781963029
-20.9670614552652
-21.3110251492091
-21.9064463718949
-20.4658417584839
-20.6748955231773
-19.7935720694723
-19.7211418254463
-19.7242510716448
-20.2209395995665
-20.6642267972461
-20.6323851566917
-20.1749414155178
-20.7235137489871
-21.1002254033107
-20.294189467366
-20.2118070095811
-19.8566850202692
-19.9845238137275
-20.7528149343965
-20.1880232962291
-20.5114527794892
-21.2105315345692
-20.6678650874179
-22.0911007801396
-21.716834230818
-21.7583483656245
-21.3823242849089
-21.1428686823385
-20.1394196954257
-20.0939156023486
-20.020717761996
-20.3985686161831
-20.6504461299398
-20.843394812291
-20.291233212225
-19.6751351384296
-18.8996173287274
-18.1062353610776
-17.7445910793555
-17.4606630919406
-17.5229207875211
-17.4932811732115
-16.2661674595215
-15.4910880583051
-14.8868805539616
-14.7481824609673
-13.8467895994141
-13.4557651874665
-13.0128686138532
-13.927790427902
-13.8438891577539
-14.860224514926
-14.3107180328993
-13.3972422475782
-14.1037009996448
-13.1246711294395
-12.8823505963866
-12.7983009734179
-13.4152226008539
-12.7877451966094
-13.5967197347729
-13.2427927224588
-14.2407949332435
-15.5285645459512
-14.5022801527539
-14.6231498020255
-14.4499733618723
-14.8940352415646
-14.9099987059082
-15.4371356007262
-15.9619942354061
-15.7910303823002
-16.1328738986481
-16.9118927380266
-16.0804694097392
-16.1612167711759
-15.4379600154408
-14.7652302097425
-14.3850496688138
-14.6652038220158
-14.0912544900786
-13.7619446588408
-12.6533858330862
-11.7495617639193
-10.9683806957587
-10.7328043473863
-12.259196778948
-13.6021587748059
-14.6927445215522
-14.2006489930511
-14.4657284823071
-13.7548365450798
-14.5626794859347
-14.9978709861205
-14.7640437937483
-15.8956076205027
-15.2679255038697
-14.4933805589875
-14.4660282419007
-14.1374157721202
-14.3039063738662
-14.6362799950168
-13.979860058034
-13.2856839798571
-12.1330742670014
-12.4910499938193
-12.9160059270479
-12.9981484465102
-11.9828013646178
-11.3434439201891
-11.2194109250542
-10.6047869228329
-9.76027597250967
-9.59977741622279
-9.45068992131304
-9.32192389382674
-9.00244305847899
-9.78954337456841
-9.41805979745216
-8.85485103926803
-8.74515433332619
-9.22426024629098
-8.31356269888643
-8.21435918340643
-8.71422985828386
-7.5718180960348
-7.76705259334963
-7.75025151258175
-9.17555618080545
-10.2329915605636
-10.790337101891
-10.6764511458072
-12.6625471214299
-12.6406101988091
-12.3018207946762
-12.6335230020549
-12.0542231814843
-12.1628653968987
-12.7276381885163
-11.7340052270455
-12.0259888790351
-11.9489068886722
-12.3484819647793
-12.5437838758099
-12.0646354812274
-11.8206593676688
-11.5657115706256
-10.8762698138962
-11.3745971264505
-10.9867257305922
-11.6542944480089
-11.0050337297195
-10.8883011694877
-11.5359915256775
-10.8150249703664
-10.7851825723064
-10.403356518626
-11.2401109676384
-10.846680188682
-10.352790753137
-10.1814587156929
-10.7711542624013
-10.1646554081266
-11.5255613294579
-11.0773404396111
-10.5255852646746
-9.51260691974342
-8.93277063205944
-10.4349363918048
-10.6479906000921
-11.9963067045893
-11.2636215122927
-10.9113055265952
-10.8849148173664
-11.6857842717618
-11.9483030083683
-12.1336143315443
-11.4075926834105
-10.8843053327267
-11.5522869582369
-11.4295322138373
-11.7206972963002
-11.061919110478
-11.2345358388636
-11.0719308203871
-11.0853664638358
-12.4513768983441
-11.9454290829056
-12.0406197251386
-12.0858214621618
-11.4167916778422
-10.856357378145
-11.068778080887
-9.83343639451942
-9.97309421205779
-9.84766287798229
-8.96716894333988
-9.47178216774683
-9.3443463732304
-10.1587130151338
-9.91792803551182
-9.51344325893011
-8.51900721040442
-8.96944792849582
-9.60258215471787
-9.02415006836313
-8.88987877794586
-9.64578501514991
-10.4793096469652
-9.78254478737757
-10.0303417145059
-10.7748384660669
-9.68958241835524
-9.37334225179519
-8.37635061812375
-9.22815469704347
-8.42333531246042
-8.01234984519249
-7.92220231462097
-8.16167636723793
-6.91270747556691
-6.79876116102889
-6.68785304439816
-6.3242547939194
-7.21885246117481
-7.83810931745884
-8.80301552984829
-8.78522518586479
-8.22899319184373
-8.7152838233834
-9.20415683233171
-8.89729811818018
-9.53080788222995
-9.33079342968907
-9.02426165933967
-9.11189393323149
-9.46030688441699
-8.06397707705982
-7.86824594740681
-8.24940344405463
-8.24851104668681
-8.4388416914106
-8.38979937164045
-8.75967732282389
-9.68414961203739
-9.45386554346859
-8.48497450622398
-6.87363083888353
-6.11432337734403
-6.13433374753554
-5.62029055665446
-6.16640678475465
-6.15396799882716
-5.93987562472214
-6.57170964983421
-6.81910586741029
-6.57952774496534
-6.93818516095999
-6.46387050803871
-5.67408962354036
-5.55009324897449
-5.69734061615021
-6.60492589960852
-6.57744561908447
-7.65263352661492
-8.31488244750142
-8.30755770995718
-8.68253121187378
-9.10623494421595
-9.48540590886126
-9.34030355373636
-9.80416483664143
-9.39398145033613
-10.2563090849098
-9.83635535094969
-9.88553982144137
-10.6830425625738
-11.3220768038993
-10.4825754994905
-10.9400165553988
-12.1978455201469
-12.9375887499219
-12.0161119643975
-12.1843382921238
-12.2110425808148
-12.2856296962353
-12.4194738017939
-12.5421221250375
-12.3015418913281
-12.4911530870459
-12.6380333647679
-12.7353236025502
-13.3955013402126
-13.2683829973991
-12.6174299927542
-13.5019988673336
-13.8942871475033
-13.8017407306751
-13.2177201066345
-13.7629188654217
-14.7334056579196
-14.6976083277565
-14.9641245468772
-15.518800824448
-14.2123785338639
-14.1904109011797
-13.1869923572162
-12.5939616546097
-12.6445945134278
-13.0529286020261
-13.9023086061069
-13.7103980788519
-13.14785442838
-11.8372650690932
-10.2964593288678
-9.27903276834186
-10.1883518184504
-10.4385271900604
-10.6057412563256
-8.73235784890026
-9.16008813802844
-9.22331591313511
-10.0781547275887
-9.99156689474553
-9.09409837161218
-9.59939541253188
-9.81947016018684
-10.2739864548848
-9.76520354484262
-9.72234451382805
-9.45281439536076
-8.22236060517639
-8.05622338507401
-7.88642139290101
-6.56091236492239
-6.8411171696292
-6.90439746284081
-7.18296962444636
-6.90583438791829
-7.22437751263772
-6.76291484258184
-6.47707279989329
-7.31266435160504
-7.89116548145931
-8.34449349501101
-8.89198643446123
-8.95668485394083
-7.89703857126531
-8.46738103345716
-9.00796259801851
-8.03713878351769
-8.24208370348671
-8.65327566530557
-9.40952380840077
-9.67570280635117
-9.81240343237187
-9.30126842574367
-9.22188280877039
-9.97270996798699
-9.02316061394285
-9.71937859055644
-8.62215570671786
-9.61202410640553
-9.01845559741076
-8.89068464165984
-8.19477977147735
-8.13644921527469
-7.74721096475762
-8.20480399552043
-7.7679565786457
-6.8926617304409
-6.71926955494681
-6.55825169951661
-6.61718556211479
-6.80455337518291
-8.28425575705636
-8.24828485199813
-9.86685520358628
-11.0650571738327
-10.261032464323
-10.241976690377
-9.00026931217134
-9.10006530017938
-8.89435193152363
-9.31339917294575
-8.82634394690579
-8.28770074945088
-7.46453928079649
