0 0 0 0 0 0 0 0 0 0
0 0 0 0 0 0 0 0 0 0
0 0 0 0 0 0 0 0 0 0
0 0 0 0 0 0 0 0 0 0
0 0 0 0 0 0 0 0 0 0
0 0 0 0 0 0 0 0 0 0
0 0 0 0 0 0 0 0 0 0
0 0 0 0 0 0 0 0 0 0
0 0 0 0 0 0 0 0 0 0
0 0 0 0 0 0 0 0 0 0
0 0 0 0 0 0 0 0 0 0
0 0 0 0 0 0 0 0 0 0
0 0 0 0 0 0 0 0 0 0
0 0 0 0 0 0 0 0 0 0
0 0 0 0 0 0 0 0 0 0
0 0 0 0 0 0 0 0 0 0
0 0 0 0 0 0 0 0 0 0
0 0 0 0 0 0 0 0 0 0
0 0 0 0 0 0 0 0 0 0
0 0 0 0 0 0 0 0 0 0
0 0 0 0 0 0 0 0 0 0
0 0 0 0 0 0 0 0 0 0
0 0 0 0 0 0 0 0 0 0
0 0 0 0 0 0 0 0 0 0
0 0 0 0 0 0 0 0 0 0
0 0 0 0 0 0 0 0 0 0
0 0 0 0 0 0 0 0 0 0
0 0 0 0 0 0 0 0 0 0
0 0 0 0 0 0 0 0 0 0
0 0 0 0 0 0 0 0 0 0
0 0 0 0 0 0 0 0 0 0
0 0 0 0 0 0 0 0 0 0
0 0 0 0 0 0 0 0 0 0
0 0 0 0 0 0 0 0 0 0
0 0 0 0 0 0 0 0 0 0
0 0 0 0 0 0 0 0 0 0
0 0 0 0 0 0 0 0 0 0
0 0 0 0 0 0 0 0 0 0
0 0 0 0 0 0 0 0 0 0
0 0 0 0 0 0 0 0 0 0
0 0 0 0 0 0 0 0 0 0
0 0 0 0 0 0 0 0 0 0
0 0 0 0 0 0 0 0 0 0
0 0 0 0 0 0 0 0 0 0
0 0 0 0 0 0 0 0 0 0
0 0 0 0 0 0 0 0 0 0
0 0 0 0 0 0 0 0 0 0
0 0 0 0 0 0 0 0 0 0
0 0 0 0 0 0 0 0 0 0
0 0 0 0 0 0 0 0 0 0
0 0 0 0 0 0 0 0 0 0
0 0 0 0 0 0 0 0 0 0
0 0 0 0 0 0 0 0 0 0
0 0 0 0 0 0 0 0 0 0
0 0 0 0 0 0 0 0 0 0
0 0 0 0 0 0 0 0 0 0
0 0 0 0 0 0 0 0 0 0
0 0 0 0 0 0 0 0 0 0
0 0 0 0 0 0 0 0 0 0
0 0 0 0 0 0 0 0 0 0
0 0 0 0 0 0 0 0 0 0
0 0 0 0 0 0 0 0 0 0
0 0 0 0 0 0 0 0 0 0
0 0 0 0 0 0 0 0 0 0
0 0 0 0 0 0 0 0 0 0
0 0 0 0 0 0 0 0 0 0
0 0 0 0 0 0 0 0 0 0
0 0 0 0 0 0 0 0 0 0
0 0 0 0 0 0 0 0 0 0
0 0 0 0 0 0 0 0 0 0
0 0 0 0 0 0 0 0 0 0
0 0 0 0 0 0 0 0 0 0
0 0 0 0 0 0 0 0 0 0
0 0 0 0 0 0 0 0 0 0
0 0 0 0 0 0 0 0 0 0
0 0 0 0 0 0 0 0 0 0
0 0 0 0 0 0 0 0 0 0
0 0 0 0 0 0 0 0 0 0
0 0 0 0 0 0 0 0 0 0
0 0 0 0 0 0 0 0 0 0
0 0 0 0 0 0 0 0 0 0
0 0 0 0 0 0 0 0 0 0
0 0 0 0 0 0 0 0 0 0
0 0 0 0 0 0 0 0 0 0
0 0 0 0 0 0 0 0 0 0
0 0 0 0 0 0 0 0 0 0
0 0 0 0 0 0 0 0 0 0
0 0 0 0 0 0 0 0 0 0
0 0 0 0 0 0 0 0 0 0
0 0 0 0 0 0 0 0 0 0
0 0 0 0 0 0 0 0 0 0
0 0 0 0 0 0 0 0 0 0
0 0 0 0 0 0 0 0 0 0
3 3 3 3 3 3 3 3 3 3
87 87 87 87 87 87 87 87 87 87
90 90 90 90 90 90 90 90 90 90
93 93 93 93 93 93 93 93 93 93
96 96 96 96 96 96 96 96 96 96
99 99 99 99 99 99 99 99 99 99
102 102 102 102 102 102 102 102 102 102
105 105 105 105 105 105 105 105 105 105
108 108 108 108 108 108 108 108 108 108
111 111 111 111 111 111 111 111 111 111
114 114 114 114 114 114 114 114 114 114
117 117 117 117 117 117 117 117 117 117
120 120 120 120 120 120 120 120 120 120
123 123 123 123 123 123 123 123 123 123
126 126 126 126 126 126 126 126 126 126
129 129 129 129 129 129 129 129 129 129
132 132 132 132 132 132 132 132 132 132
135 135 135 135 135 135 135 135 135 135
138 138 138 138 138 138 138 138 138 138
141 141 141 141 141 141 141 141 141 141
144 144 144 144 144 144 144 144 144 144
147 147 147 147 147 147 147 147 147 147
150 150 150 150 150 150 150 150 150 150
153 153 153 153 153 153 153 153 153 153
156 156 156 156 156 156 156 156 156 156
159 159 159 159 159 159 159 159 159 159
162 162 162 162 162 162 162 162 162 162
165 165 165 165 165 165 165 165 165 165
168 168 168 168 168 168 168 168 168 168
171 171 171 171 171 171 171 171 171 171
174 174 174 174 174 174 174 174 174 174
177 177 177 177 177 177 177 177 177 177
180 180 180 180 180 180 180 180 180 180
183 183 183 183 183 183 183 183 183 183
186 186 186 186 186 186 186 186 186 186
189 189 189 189 189 189 189 189 189 189
192 192 192 192 192 192 192 192 192 192
195 195 195 195 195 195 195 195 195 195
197 197 197 197 197 197 197 197 197 197
198 198 198 198 198 198 198 198 198 198
199 199 199 199 199 199 199 199 199 199
200 200 200 200 200 200 200 200 200 200
201 201 201 201 201 201 201 201 201 201
202 202 202 202 202 202 202 202 202 202
203 203 203 203 203 203 203 203 203 203
204 204 204 204 204 204 204 204 204 204
205 205 205 205 205 205 205 205 205 205
205 205 205 205 205 205 205 205 205 205
205 205 205 205 205 205 205 205 205 205
205 205 205 205 205 205 205 205 205 205
205 205 205 205 205 205 205 205 205 205
205 205 205 205 205 205 205 205 205 205
205 205 205 205 205 205 205 205 205 205
205 205 205 205 205 205 205 205 205 205
205 205 205 205 205 205 205 205 205 205
204 204 204 204 204 204 204 204 204 204
203 203 203 203 203 203 203 203 203 203
