80 80 80 80 80 80 80 80 80 80
78.9324324324324 78.9324324324324 78.9324324324324 78.9324324324324 78.9324324324324 78.9324324324324 78.9324324324324 78.9324324324324 78.9324324324324 78.9324324324324
77.8648648648649 77.8648648648649 77.8648648648649 77.8648648648649 77.8648648648649 77.8648648648649 77.8648648648649 77.8648648648649 77.8648648648649 77.8648648648649
76.7972972972973 76.7972972972973 76.7972972972973 76.7972972972973 76.7972972972973 76.7972972972973 76.7972972972973 76.7972972972973 76.7972972972973 76.7972972972973
75.7297297297297 75.7297297297297 75.7297297297297 75.7297297297297 75.7297297297297 75.7297297297297 75.7297297297297 75.7297297297297 75.7297297297297 75.7297297297297
74.6621621621622 74.6621621621622 74.6621621621622 74.6621621621622 74.6621621621622 74.6621621621622 74.6621621621622 74.6621621621622 74.6621621621622 74.6621621621622
73.5945945945946 73.5945945945946 73.5945945945946 73.5945945945946 73.5945945945946 73.5945945945946 73.5945945945946 73.5945945945946 73.5945945945946 73.5945945945946
72.527027027027 72.527027027027 72.527027027027 72.527027027027 72.527027027027 72.527027027027 72.527027027027 72.527027027027 72.527027027027 72.527027027027
71.4594594594595 71.4594594594595 71.4594594594595 71.4594594594595 71.4594594594595 71.4594594594595 71.4594594594595 71.4594594594595 71.4594594594595 71.4594594594595
70.3918918918919 70.3918918918919 70.3918918918919 70.3918918918919 70.3918918918919 70.3918918918919 70.3918918918919 70.3918918918919 70.3918918918919 70.3918918918919
69.3243243243243 69.3243243243243 69.3243243243243 69.3243243243243 69.3243243243243 69.3243243243243 69.3243243243243 69.3243243243243 69.3243243243243 69.3243243243243
68.2567567567568 68.2567567567568 68.2567567567568 68.2567567567568 68.2567567567568 68.2567567567568 68.2567567567568 68.2567567567568 68.2567567567568 68.2567567567568
67.1891891891892 67.1891891891892 67.1891891891892 67.1891891891892 67.1891891891892 67.1891891891892 67.1891891891892 67.1891891891892 67.1891891891892 67.1891891891892
66.1216216216216 66.1216216216216 66.1216216216216 66.1216216216216 66.1216216216216 66.1216216216216 66.1216216216216 66.1216216216216 66.1216216216216 66.1216216216216
65.054054054054 65.054054054054 65.054054054054 65.054054054054 65.054054054054 65.054054054054 65.054054054054 65.054054054054 65.054054054054 65.054054054054
63.9864864864865 63.9864864864865 63.9864864864865 63.9864864864865 63.9864864864865 63.9864864864865 63.9864864864865 63.9864864864865 63.9864864864865 63.9864864864865
62.9189189189189 62.9189189189189 62.9189189189189 62.9189189189189 62.9189189189189 62.9189189189189 62.9189189189189 62.9189189189189 62.9189189189189 62.9189189189189
61.8513513513514 61.8513513513514 61.8513513513514 61.8513513513514 61.8513513513514 61.8513513513514 61.8513513513514 61.8513513513514 61.8513513513514 61.8513513513514
60.7837837837838 60.7837837837838 60.7837837837838 60.7837837837838 60.7837837837838 60.7837837837838 60.7837837837838 60.7837837837838 60.7837837837838 60.7837837837838
59.7162162162162 59.7162162162162 59.7162162162162 59.7162162162162 59.7162162162162 59.7162162162162 59.7162162162162 59.7162162162162 59.7162162162162 59.7162162162162
58.6486486486486 58.6486486486486 58.6486486486486 58.6486486486486 58.6486486486486 58.6486486486486 58.6486486486486 58.6486486486486 58.6486486486486 58.6486486486486
57.5810810810811 57.5810810810811 57.5810810810811 57.5810810810811 57.5810810810811 57.5810810810811 57.5810810810811 57.5810810810811 57.5810810810811 57.5810810810811
56.5135135135135 56.5135135135135 56.5135135135135 56.5135135135135 56.5135135135135 56.5135135135135 56.5135135135135 56.5135135135135 56.5135135135135 56.5135135135135
55.445945945946 55.445945945946 55.445945945946 55.445945945946 55.445945945946 55.445945945946 55.445945945946 55.445945945946 55.445945945946 55.445945945946
54.3783783783784 54.3783783783784 54.3783783783784 54.3783783783784 54.3783783783784 54.3783783783784 54.3783783783784 54.3783783783784 54.3783783783784 54.3783783783784
53.3108108108108 53.3108108108108 53.3108108108108 53.3108108108108 53.3108108108108 53.3108108108108 53.3108108108108 53.3108108108108 53.3108108108108 53.3108108108108
52.2432432432432 52.2432432432432 52.2432432432432 52.2432432432432 52.2432432432432 52.2432432432432 52.2432432432432 52.2432432432432 52.2432432432432 52.2432432432432
51.1756756756757 51.1756756756757 51.1756756756757 51.1756756756757 51.1756756756757 51.1756756756757 51.1756756756757 51.1756756756757 51.1756756756757 51.1756756756757
50.1081081081081 50.1081081081081 50.1081081081081 50.1081081081081 50.1081081081081 50.1081081081081 50.1081081081081 50.1081081081081 50.1081081081081 50.1081081081081
49.0405405405405 49.0405405405405 49.0405405405405 49.0405405405405 49.0405405405405 49.0405405405405 49.0405405405405 49.0405405405405 49.0405405405405 49.0405405405405
47.972972972973 47.972972972973 47.972972972973 47.972972972973 47.972972972973 47.972972972973 47.972972972973 47.972972972973 47.972972972973 47.972972972973
46.9054054054054 46.9054054054054 46.9054054054054 46.9054054054054 46.9054054054054 46.9054054054054 46.9054054054054 46.9054054054054 46.9054054054054 46.9054054054054
45.8378378378378 45.8378378378378 45.8378378378378 45.8378378378378 45.8378378378378 45.8378378378378 45.8378378378378 45.8378378378378 45.8378378378378 45.8378378378378
44.7702702702703 44.7702702702703 44.7702702702703 44.7702702702703 44.7702702702703 44.7702702702703 44.7702702702703 44.7702702702703 44.7702702702703 44.7702702702703
43.7027027027027 43.7027027027027 43.7027027027027 43.7027027027027 43.7027027027027 43.7027027027027 43.7027027027027 43.7027027027027 43.7027027027027 43.7027027027027
42.6351351351351 42.6351351351351 42.6351351351351 42.6351351351351 42.6351351351351 42.6351351351351 42.6351351351351 42.6351351351351 42.6351351351351 42.6351351351351
41.5675675675676 41.5675675675676 41.5675675675676 41.5675675675676 41.5675675675676 41.5675675675676 41.5675675675676 41.5675675675676 41.5675675675676 41.5675675675676
40.5 40.5 40.5 40.5 40.5 40.5 40.5 40.5 40.5 40.5
39.4324324324324 39.4324324324324 39.4324324324324 39.4324324324324 39.4324324324324 39.4324324324324 39.4324324324324 39.4324324324324 39.4324324324324 39.4324324324324
38.3648648648649 38.3648648648649 38.3648648648649 38.3648648648649 38.3648648648649 38.3648648648649 38.3648648648649 38.3648648648649 38.3648648648649 38.3648648648649
37.2972972972973 37.2972972972973 37.2972972972973 37.2972972972973 37.2972972972973 37.2972972972973 37.2972972972973 37.2972972972973 37.2972972972973 37.2972972972973
36.2297297297297 36.2297297297297 36.2297297297297 36.2297297297297 36.2297297297297 36.2297297297297 36.2297297297297 36.2297297297297 36.2297297297297 36.2297297297297
35.1621621621622 35.1621621621622 35.1621621621622 35.1621621621622 35.1621621621622 35.1621621621622 35.1621621621622 35.1621621621622 35.1621621621622 35.1621621621622
34.0945945945946 34.0945945945946 34.0945945945946 34.0945945945946 34.0945945945946 34.0945945945946 34.0945945945946 34.0945945945946 34.0945945945946 34.0945945945946
33.027027027027 33.027027027027 33.027027027027 33.027027027027 33.027027027027 33.027027027027 33.027027027027 33.027027027027 33.027027027027 33.027027027027
31.9594594594595 31.9594594594595 31.9594594594595 31.9594594594595 31.9594594594595 31.9594594594595 31.9594594594595 31.9594594594595 31.9594594594595 31.9594594594595
30.8918918918919 30.8918918918919 30.8918918918919 30.8918918918919 30.8918918918919 30.8918918918919 30.8918918918919 30.8918918918919 30.8918918918919 30.8918918918919
29.8243243243243 29.8243243243243 29.8243243243243 29.8243243243243 29.8243243243243 29.8243243243243 29.8243243243243 29.8243243243243 29.8243243243243 29.8243243243243
28.7567567567568 28.7567567567568 28.7567567567568 28.7567567567568 28.7567567567568 28.7567567567568 28.7567567567568 28.7567567567568 28.7567567567568 28.7567567567568
27.6891891891892 27.6891891891892 27.6891891891892 27.6891891891892 27.6891891891892 27.6891891891892 27.6891891891892 27.6891891891892 27.6891891891892 27.6891891891892
26.6216216216216 26.6216216216216 26.6216216216216 26.6216216216216 26.6216216216216 26.6216216216216 26.6216216216216 26.6216216216216 26.6216216216216 26.6216216216216
25.5540540540541 25.5540540540541 25.5540540540541 25.5540540540541 25.5540540540541 25.5540540540541 25.5540540540541 25.5540540540541 25.5540540540541 25.5540540540541
24.4864864864865 24.4864864864865 24.4864864864865 24.4864864864865 24.4864864864865 24.4864864864865 24.4864864864865 24.4864864864865 24.4864864864865 24.4864864864865
23.4189189189189 23.4189189189189 23.4189189189189 23.4189189189189 23.4189189189189 23.4189189189189 23.4189189189189 23.4189189189189 23.4189189189189 23.4189189189189
22.3513513513514 22.3513513513514 22.3513513513514 22.3513513513514 22.3513513513514 22.3513513513514 22.3513513513514 22.3513513513514 22.3513513513514 22.3513513513514
21.2837837837838 21.2837837837838 21.2837837837838 21.2837837837838 21.2837837837838 21.2837837837838 21.2837837837838 21.2837837837838 21.2837837837838 21.2837837837838
20.2162162162162 20.2162162162162 20.2162162162162 20.2162162162162 20.2162162162162 20.2162162162162 20.2162162162162 20.2162162162162 20.2162162162162 20.2162162162162
19.1486486486486 19.1486486486486 19.1486486486486 19.1486486486486 19.1486486486486 19.1486486486486 19.1486486486486 19.1486486486486 19.1486486486486 19.1486486486486
18.0810810810811 18.0810810810811 18.0810810810811 18.0810810810811 18.0810810810811 18.0810810810811 18.0810810810811 18.0810810810811 18.0810810810811 18.0810810810811
17.0135135135135 17.0135135135135 17.0135135135135 17.0135135135135 17.0135135135135 17.0135135135135 17.0135135135135 17.0135135135135 17.0135135135135 17.0135135135135
15.9459459459459 15.9459459459459 15.9459459459459 15.9459459459459 15.9459459459459 15.9459459459459 15.9459459459459 15.9459459459459 15.9459459459459 15.9459459459459
14.8783783783784 14.8783783783784 14.8783783783784 14.8783783783784 14.8783783783784 14.8783783783784 14.8783783783784 14.8783783783784 14.8783783783784 14.8783783783784
13.8108108108108 13.8108108108108 13.8108108108108 13.8108108108108 13.8108108108108 13.8108108108108 13.8108108108108 13.8108108108108 13.8108108108108 13.8108108108108
12.7432432432432 12.7432432432432 12.7432432432432 12.7432432432432 12.7432432432432 12.7432432432432 12.7432432432432 12.7432432432432 12.7432432432432 12.7432432432432
11.6756756756757 11.6756756756757 11.6756756756757 11.6756756756757 11.6756756756757 11.6756756756757 11.6756756756757 11.6756756756757 11.6756756756757 11.6756756756757
10.6081081081081 10.6081081081081 10.6081081081081 10.6081081081081 10.6081081081081 10.6081081081081 10.6081081081081 10.6081081081081 10.6081081081081 10.6081081081081
9.54054054054055 9.54054054054055 9.54054054054055 9.54054054054055 9.54054054054055 9.54054054054055 9.54054054054055 9.54054054054055 9.54054054054055 9.54054054054055
8.47297297297298 8.47297297297298 8.47297297297298 8.47297297297298 8.47297297297298 8.47297297297298 8.47297297297298 8.47297297297298 8.47297297297298 8.47297297297298
7.4054054054054 7.4054054054054 7.4054054054054 7.4054054054054 7.4054054054054 7.4054054054054 7.4054054054054 7.4054054054054 7.4054054054054 7.4054054054054
6.33783783783784 6.33783783783784 6.33783783783784 6.33783783783784 6.33783783783784 6.33783783783784 6.33783783783784 6.33783783783784 6.33783783783784 6.33783783783784
5.27027027027027 5.27027027027027 5.27027027027027 5.27027027027027 5.27027027027027 5.27027027027027 5.27027027027027 5.27027027027027 5.27027027027027 5.27027027027027
4.20270270270271 4.20270270270271 4.20270270270271 4.20270270270271 4.20270270270271 4.20270270270271 4.20270270270271 4.20270270270271 4.20270270270271 4.20270270270271
3.13513513513513 3.13513513513513 3.13513513513513 3.13513513513513 3.13513513513513 3.13513513513513 3.13513513513513 3.13513513513513 3.13513513513513 3.13513513513513
2.06756756756756 2.06756756756756 2.06756756756756 2.06756756756756 2.06756756756756 2.06756756756756 2.06756756756756 2.06756756756756 2.06756756756756 2.06756756756756
1 1 1 1 1 1 1 1 1 1
2.05333333333333 2.05333333333333 2.05333333333333 2.05333333333333 2.05333333333333 2.05333333333333 2.05333333333333 2.05333333333333 2.05333333333333 2.05333333333333
3.10666666666667 3.10666666666667 3.10666666666667 3.10666666666667 3.10666666666667 3.10666666666667 3.10666666666667 3.10666666666667 3.10666666666667 3.10666666666667
4.16 4.16 4.16 4.16 4.16 4.16 4.16 4.16 4.16 4.16
5.21333333333333 5.21333333333333 5.21333333333333 5.21333333333333 5.21333333333333 5.21333333333333 5.21333333333333 5.21333333333333 5.21333333333333 5.21333333333333
6.26666666666667 6.26666666666667 6.26666666666667 6.26666666666667 6.26666666666667 6.26666666666667 6.26666666666667 6.26666666666667 6.26666666666667 6.26666666666667
7.32 7.32 7.32 7.32 7.32 7.32 7.32 7.32 7.32 7.32
8.37333333333333 8.37333333333333 8.37333333333333 8.37333333333333 8.37333333333333 8.37333333333333 8.37333333333333 8.37333333333333 8.37333333333333 8.37333333333333
9.42666666666667 9.42666666666667 9.42666666666667 9.42666666666667 9.42666666666667 9.42666666666667 9.42666666666667 9.42666666666667 9.42666666666667 9.42666666666667
10.48 10.48 10.48 10.48 10.48 10.48 10.48 10.48 10.48 10.48
11.5333333333333 11.5333333333333 11.5333333333333 11.5333333333333 11.5333333333333 11.5333333333333 11.5333333333333 11.5333333333333 11.5333333333333 11.5333333333333
12.5866666666667 12.5866666666667 12.5866666666667 12.5866666666667 12.5866666666667 12.5866666666667 12.5866666666667 12.5866666666667 12.5866666666667 12.5866666666667
13.64 13.64 13.64 13.64 13.64 13.64 13.64 13.64 13.64 13.64
14.6933333333333 14.6933333333333 14.6933333333333 14.6933333333333 14.6933333333333 14.6933333333333 14.6933333333333 14.6933333333333 14.6933333333333 14.6933333333333
15.7466666666667 15.7466666666667 15.7466666666667 15.7466666666667 15.7466666666667 15.7466666666667 15.7466666666667 15.7466666666667 15.7466666666667 15.7466666666667
16.8 16.8 16.8 16.8 16.8 16.8 16.8 16.8 16.8 16.8
17.8533333333333 17.8533333333333 17.8533333333333 17.8533333333333 17.8533333333333 17.8533333333333 17.8533333333333 17.8533333333333 17.8533333333333 17.8533333333333
18.9066666666667 18.9066666666667 18.9066666666667 18.9066666666667 18.9066666666667 18.9066666666667 18.9066666666667 18.9066666666667 18.9066666666667 18.9066666666667
19.96 19.96 19.96 19.96 19.96 19.96 19.96 19.96 19.96 19.96
21.0133333333333 21.0133333333333 21.0133333333333 21.0133333333333 21.0133333333333 21.0133333333333 21.0133333333333 21.0133333333333 21.0133333333333 21.0133333333333
22.0666666666667 22.0666666666667 22.0666666666667 22.0666666666667 22.0666666666667 22.0666666666667 22.0666666666667 22.0666666666667 22.0666666666667 22.0666666666667
23.12 23.12 23.12 23.12 23.12 23.12 23.12 23.12 23.12 23.12
24.1733333333333 24.1733333333333 24.1733333333333 24.1733333333333 24.1733333333333 24.1733333333333 24.1733333333333 24.1733333333333 24.1733333333333 24.1733333333333
25.2266666666667 25.2266666666667 25.2266666666667 25.2266666666667 25.2266666666667 25.2266666666667 25.2266666666667 25.2266666666667 25.2266666666667 25.2266666666667
26.28 26.28 26.28 26.28 26.28 26.28 26.28 26.28 26.28 26.28
27.3333333333333 27.3333333333333 27.3333333333333 27.3333333333333 27.3333333333333 27.3333333333333 27.3333333333333 27.3333333333333 27.3333333333333 27.3333333333333
28.3866666666667 28.3866666666667 28.3866666666667 28.3866666666667 28.3866666666667 28.3866666666667 28.3866666666667 28.3866666666667 28.3866666666667 28.3866666666667
29.44 29.44 29.44 29.44 29.44 29.44 29.44 29.44 29.44 29.44
30.4933333333333 30.4933333333333 30.4933333333333 30.4933333333333 30.4933333333333 30.4933333333333 30.4933333333333 30.4933333333333 30.4933333333333 30.4933333333333
31.5466666666667 31.5466666666667 31.5466666666667 31.5466666666667 31.5466666666667 31.5466666666667 31.5466666666667 31.5466666666667 31.5466666666667 31.5466666666667
32.6 32.6 32.6 32.6 32.6 32.6 32.6 32.6 32.6 32.6
33.6533333333333 33.6533333333333 33.6533333333333 33.6533333333333 33.6533333333333 33.6533333333333 33.6533333333333 33.6533333333333 33.6533333333333 33.6533333333333
34.7066666666667 34.7066666666667 34.7066666666667 34.7066666666667 34.7066666666667 34.7066666666667 34.7066666666667 34.7066666666667 34.7066666666667 34.7066666666667
35.76 35.76 35.76 35.76 35.76 35.76 35.76 35.76 35.76 35.76
36.8133333333333 36.8133333333333 36.8133333333333 36.8133333333333 36.8133333333333 36.8133333333333 36.8133333333333 36.8133333333333 36.8133333333333 36.8133333333333
37.8666666666667 37.8666666666667 37.8666666666667 37.8666666666667 37.8666666666667 37.8666666666667 37.8666666666667 37.8666666666667 37.8666666666667 37.8666666666667
38.92 38.92 38.92 38.92 38.92 38.92 38.92 38.92 38.92 38.92
39.9733333333333 39.9733333333333 39.9733333333333 39.9733333333333 39.9733333333333 39.9733333333333 39.9733333333333 39.9733333333333 39.9733333333333 39.9733333333333
41.0266666666667 41.0266666666667 41.0266666666667 41.0266666666667 41.0266666666667 41.0266666666667 41.0266666666667 41.0266666666667 41.0266666666667 41.0266666666667
42.08 42.08 42.08 42.08 42.08 42.08 42.08 42.08 42.08 42.08
43.1333333333333 43.1333333333333 43.1333333333333 43.1333333333333 43.1333333333333 43.1333333333333 43.1333333333333 43.1333333333333 43.1333333333333 43.1333333333333
44.1866666666667 44.1866666666667 44.1866666666667 44.1866666666667 44.1866666666667 44.1866666666667 44.1866666666667 44.1866666666667 44.1866666666667 44.1866666666667
45.24 45.24 45.24 45.24 45.24 45.24 45.24 45.24 45.24 45.24
46.2933333333333 46.2933333333333 46.2933333333333 46.2933333333333 46.2933333333333 46.2933333333333 46.2933333333333 46.2933333333333 46.2933333333333 46.2933333333333
47.3466666666667 47.3466666666667 47.3466666666667 47.3466666666667 47.3466666666667 47.3466666666667 47.3466666666667 47.3466666666667 47.3466666666667 47.3466666666667
48.4 48.4 48.4 48.4 48.4 48.4 48.4 48.4 48.4 48.4
49.4533333333333 49.4533333333333 49.4533333333333 49.4533333333333 49.4533333333333 49.4533333333333 49.4533333333333 49.4533333333333 49.4533333333333 49.4533333333333
50.5066666666667 50.5066666666667 50.5066666666667 50.5066666666667 50.5066666666667 50.5066666666667 50.5066666666667 50.5066666666667 50.5066666666667 50.5066666666667
51.56 51.56 51.56 51.56 51.56 51.56 51.56 51.56 51.56 51.56
52.6133333333333 52.6133333333333 52.6133333333333 52.6133333333333 52.6133333333333 52.6133333333333 52.6133333333333 52.6133333333333 52.6133333333333 52.6133333333333
53.6666666666667 53.6666666666667 53.6666666666667 53.6666666666667 53.6666666666667 53.6666666666667 53.6666666666667 53.6666666666667 53.6666666666667 53.6666666666667
54.72 54.72 54.72 54.72 54.72 54.72 54.72 54.72 54.72 54.72
55.7733333333333 55.7733333333333 55.7733333333333 55.7733333333333 55.7733333333333 55.7733333333333 55.7733333333333 55.7733333333333 55.7733333333333 55.7733333333333
56.8266666666667 56.8266666666667 56.8266666666667 56.8266666666667 56.8266666666667 56.8266666666667 56.8266666666667 56.8266666666667 56.8266666666667 56.8266666666667
57.88 57.88 57.88 57.88 57.88 57.88 57.88 57.88 57.88 57.88
58.9333333333333 58.9333333333333 58.9333333333333 58.9333333333333 58.9333333333333 58.9333333333333 58.9333333333333 58.9333333333333 58.9333333333333 58.9333333333333
59.9866666666667 59.9866666666667 59.9866666666667 59.9866666666667 59.9866666666667 59.9866666666667 59.9866666666667 59.9866666666667 59.9866666666667 59.9866666666667
61.04 61.04 61.04 61.04 61.04 61.04 61.04 61.04 61.04 61.04
62.0933333333333 62.0933333333333 62.0933333333333 62.0933333333333 62.0933333333333 62.0933333333333 62.0933333333333 62.0933333333333 62.0933333333333 62.0933333333333
63.1466666666667 63.1466666666667 63.1466666666667 63.1466666666667 63.1466666666667 63.1466666666667 63.1466666666667 63.1466666666667 63.1466666666667 63.1466666666667
64.2 64.2 64.2 64.2 64.2 64.2 64.2 64.2 64.2 64.2
65.2533333333333 65.2533333333333 65.2533333333333 65.2533333333333 65.2533333333333 65.2533333333333 65.2533333333333 65.2533333333333 65.2533333333333 65.2533333333333
66.3066666666667 66.3066666666667 66.3066666666667 66.3066666666667 66.3066666666667 66.3066666666667 66.3066666666667 66.3066666666667 66.3066666666667 66.3066666666667
67.36 67.36 67.36 67.36 67.36 67.36 67.36 67.36 67.36 67.36
68.4133333333333 68.4133333333333 68.4133333333333 68.4133333333333 68.4133333333333 68.4133333333333 68.4133333333333 68.4133333333333 68.4133333333333 68.4133333333333
69.4666666666667 69.4666666666667 69.4666666666667 69.4666666666667 69.4666666666667 69.4666666666667 69.4666666666667 69.4666666666667 69.4666666666667 69.4666666666667
70.52 70.52 70.52 70.52 70.52 70.52 70.52 70.52 70.52 70.52
71.5733333333333 71.5733333333333 71.5733333333333 71.5733333333333 71.5733333333333 71.5733333333333 71.5733333333333 71.5733333333333 71.5733333333333 71.5733333333333
72.6266666666667 72.6266666666667 72.6266666666667 72.6266666666667 72.6266666666667 72.6266666666667 72.6266666666667 72.6266666666667 72.6266666666667 72.6266666666667
73.68 73.68 73.68 73.68 73.68 73.68 73.68 73.68 73.68 73.68
74.7333333333333 74.7333333333333 74.7333333333333 74.7333333333333 74.7333333333333 74.7333333333333 74.7333333333333 74.7333333333333 74.7333333333333 74.7333333333333
75.7866666666667 75.7866666666667 75.7866666666667 75.7866666666667 75.7866666666667 75.7866666666667 75.7866666666667 75.7866666666667 75.7866666666667 75.7866666666667
76.84 76.84 76.84 76.84 76.84 76.84 76.84 76.84 76.84 76.84
77.8933333333333 77.8933333333333 77.8933333333333 77.8933333333333 77.8933333333333 77.8933333333333 77.8933333333333 77.8933333333333 77.8933333333333 77.8933333333333
78.9466666666667 78.9466666666667 78.9466666666667 78.9466666666667 78.9466666666667 78.9466666666667 78.9466666666667 78.9466666666667 78.9466666666667 78.9466666666667
80 80 80 80 80 80 80 80 80 80
