1.46953124999995
2.9767357512953
4.2565284974094
2.4948958333327
-4.22906250000038
-6.83036269430035
-4.59202072538824
-5.56388601036315
-9.38253886010351
-11.2912499999999
-11.9266666666666
-11.9080310880829
-11.5816062176166
-11.3753246753247
-11.2090909090909
-11.0428571428571
-10.8766233766234
-14.6006250000002
-18.7568750000001
-19.7743005181348
-20.7748453608251
-22.6717525773199
-23.6960309278343
-17.6599484536077
-8.98360824742208
8.11478371501286
7.33870229007644
6.56262086514002
5.7865394402036
5.32196374622356
5.69960725075529
6.07725075528702
6.45489425981874
0.988364312267562
-4.72167286245351
-9.42455645161287
-11.4043951612903
-13.3842338709677
-14.7350241545893
-15.9185990338162
-16.9583870967741
-17.9422580645162
-21.9105314009664
-26.3646376811593
-33.3986473429944
-41.1184541062788
-40.6582278481019
-37.0168776371312
-36.0499999999996
-40.0499999999994
-42.4920512820519
-38.702307692308
-37.6057386363634
-44.5886931818171
-48.3007692307692
-48.6084615384615
-49.3177714285714
-50.3692
-50.5818974358974
-50.571641025641
-50.5660930232558
-50.5614418604651
-51.0996153846154
-51.8816666666666
-52.1674358974359
-51.5315384615384
-55.0433333333331
-50.1544444444439
-46.1899999999997
-44.1899999999997
-42.1899999999998
-40.1899999999998
-38.1899999999999
-33.8973181818183
-28.5745909090917
-24.2448148148154
-20.9485185185189
-17.5980000000002
-13.3979999999999
-9.19799999999951
-9.6142462845012
-10.7819745222931
-11.949702760085
-13.117430997877
-15.8313333333344
-27.3068888888899
-38.7824444444455
-38.5997211155378
-37.1216334661356
-37.3768115942027
-40.3429951690823
-43.114285714286
-45.4714285714287
-48.8330601092897
-53.1991803278691
-54.6333990147783
-54.6235467980296
-52.6683516483517
-49.6189010989007
-47.0859215686272
-44.6663137254901
-41.3201582278481
-35.4688924050631
-29.617626582278
-24.4093125
-24.4030625
-24.3968125
-24.3905625
-18.3158204334375
-11.6408978328184
-4.96597523219922
-1.29604651162816
0.959767441860393
3.21558139534894
1.24883720930196
-2.79767441860514
-6.28604651162759
-4.1310077519376
-1.97596899224762
-1.46771126760584
-2.54165492957762
-3.61559859154939
-7.32000000000046
-12.3200000000006
-17.182877358491
-20.6592924528301
-24.1357075471691
-31.6573631840789
-39.3041293532341
-36.3554945054947
-33.5674626865671
-34.4779104477612
-35.2687064676617
-35.2587562189055
-35.231582733813
-35.0781055155876
-34.9246282973621
-34.7711510791367
-34.6176738609113
-38.7083471074379
-43.0223966942154
-46.263941908714
-48.554398340249
-50.3250413223143
-48.2837190082648
-46.2423966942152
-35.7951452282177
-21.7453526970965
-18.145797101448
-40.131304347823
-56.4862162162169
-52.8781081081084
-49.27
-38.2401492537325
-27.2102985074651
-33.4271782178204
-39.8182673267314
-28.7174626865682
-17.0756716417907
-11.0820879120882
-6.2817699115043
-7.36584070796459
-8.44991150442488
-10.0027312775332
-11.619471365639
-12.7417621145376
-13.5479295154186
-12.0504845814969
-6.08132158590215
-0.738149779736172
-3.71171806167452
-6.68528634361287
-12.0447577092522
-18.0007048458161
-21.6606637168144
-23.284557522124
-24.2487665198238
-23.4293832599119
-22.61
-24.7685903083701
-26.9271806167401
-30.0101716738199
-33.4350643776827
-32.1063090128747
-23.6470815450632
-16.1816444444454
-21.9194222222232
-27.6572000000009
-25.1732085561497
-20.8844385026745
-21.7043195266273
-21.0391787439602
-15.3821739130428
-9.98614973262004
-5.70272727272674
-0.796808510637394
5.43191489361756
9.44757281553406
10.6466019417477
11.6426595744681
12.3075531914894
12.1506951871657
11.1720855614972
7.15153543307018
1.34444881889687
-3.8081990521325
-2.34374407582927
-0.879289099526038
-6.48395744680883
-12.2328936170218
-13.9915094339622
-13.4066037735848
-15.3571428571437
-19.7436974789922
-23.2901680672267
-21.2145378151259
-19.1389075630252
-21.7831679389314
-26.00072519084
-29.6355882352941
-29.3708823529412
-29.1061764705882
-32.3679467680607
-36.805209125475
-40.3736363636367
-37.5706060606062
-34.7675757575758
-30.4521848739496
-24.4984033613448
-18.6707958477513
-13.9787543252597
-9.28671280276816
-4.09651376146752
2.96770642201925
9.85206896551745
10.9210344827588
11.9900000000001
9.37019762845858
5.24371541502017
0.592173913044505
-6.45130434782577
-13.494782608696
-15.3228458498023
-14.3426086956522
-13.0918881118884
-9.85762237762232
-6.62335664335621
-5.15843636363714
-8.72934545454623
-12.3002545454553
-2.6213197969541
-4.79898477157361
-6.82013888888897
-7.95439814814806
-9.08865740740716
-5.95462857142926
-4.62062827225041
-9.12324607329787
-13.0491836734693
-15.8042857142858
-18.5593877551023
-22.7501680672272
-27.1367226890757
-28.8760251046025
-27.9680753138076
-27.0601255230126
-26.1521757322177
-25.2442259414228
-24.7134146341464
-24.329268292683
-23.9451219512195
-21.1915384615384
-15.422307692308
-9.65307692307772
-6.10550335570485
-5.27328859060419
-4.44107382550352
-4.28608695652164
-4.8947826086956
-5.50347826086955
-4.90363636363636
-2.9945454545455
-1.08545454545465
0.823636363636198
2.73272727272705
-0.861841004183477
-7.55221757322149
-12.7624686192469
-13.5323430962344
-14.3022175732218
-18.4100840336139
-23.0613445378153
-26.7029045643155
-29.2506224066393
-31.6772444444446
-32.4950222222224
-33.3128000000001
-37.8611636363645
-43.2284363636372
-47.9951004016059
-44.7822489959837
-41.5693975903615
-38.2121285140563
-34.7502811244978
-31.6364784053157
-32.0417940199336
-32.4471096345515
-32.3176093294465
-26.037725947522
-19.7578425655975
-13.477959183673
-9.56446428571416
-6.92517857142861
-4.28589285714307
-1.70778846153862
0.859519230769163
3.42682692307695
4.12233974358974
4.12554487179487
4.12875
4.49286173633447
5.08771704180068
5.68257234726689
3.57252669039141
-1.24241992882576
-6.05736654804294
-9.65423664122163
-12.7038549618324
-15.3883919597987
-13.2225628140703
-11.5743999999997
-15.8793999999997
-20.0363999999998
-22.4913999999998
-25.4143999999994
-33.7193999999994
-41.3350753768844
-41.0235175879397
-40.9335000000003
-43.0835000000003
-45.2344723618093
-47.3952763819096
-48.2575879396994
-37.4334673366831
-26.8530041152254
-18.243950617284
-9.63489711934264
-6.20000000000011
-5.20000000000003
-5.24456896551733
-9.21870689655153
-13.1928448275857
-13.394188034188
-13.1292307692307
-12.4269527896995
-11.3668669527898
-10.6362989323843
-11.0740213523131
-11.5117437722419
-11.250479452055
-9.98335616438379
-8.71623287671259
-7.49209923664146
-6.31270992366431
-5.13332061068716
-5.47255384615378
-6.03870769230763
-6.60486153846148
-5.16666666666696
-2.50000000000029
0.166666666666376
-2.51719063545112
-8.4804013377927
-14.4436120401343
-16.1207142857142
-15.2805782312925
-14.4404421768707
-17.5082352941177
-22.331764705882
-26.6802325581394
-28.1104651162789
-29.5406976744185
-29.3659533073931
-27.9301556420236
-26.494357976654
-25.2935408560313
-24.0950972762646
-24.647105263158
-27.6164035087718
-29.1795000000009
-22.1045000000009
-16.1959999999999
-17.4531428571428
-18.7102857142858
-14.3166216216218
-7.38418918919015
-5.16173745173701
-8.25054054054046
-11.3393436293439
-10.6055102040815
-9.35040816326521
-8.09530612244891
-10.6279699248123
-13.402406015038
-15.9189473684214
-17.7723308270678
-19.6257142857142
-21.4767669172931
-23.3263909774436
-25.176015037594
-26.7358291457285
-28.2835678391957
-31.5131067961159
-34.7946601941743
-35.3638834951456
-35.664854368932
-39.7900000000001
-44.5900000000007
-45.0723300970874
-44.4752427184467
-48.7636097560968
-54.7684878048781
-54.7743689320386
-52.0850485436891
-52.9800000000002
-55.9799999999999
-56.7194146341463
-55.8218536585365
-51.7594660194168
-44.8905339805832
-41.5319999999999
-42.132
-42.48
-42.48
-40.7948908296938
-37.8385589519645
-33.8354736842094
-27.140736842105
-20.4460000000006
-15.3434864864869
-12.3515945945949
-9.35970270270283
-6.3678108108108
-4.95232432432428
-4.11989189189181
-3.28745945945933
-2.48501347708898
-2.65212938005394
-2.8192452830189
-2.98636118598386
-4.59016216216282
-9.24691891891923
-13.9036756756756
-18.5604324324321
-21.0505405405404
-22.2127027027027
-23.3748648648649
-24.5370270270271
-25.09
-25.59
-26.0899999999999
-26.9083905013189
-28.8556200527701
-30.8028496042213
-32.7500791556725
-31.9502941176477
-27.5091176470592
-23.0679411764707
-18.6267647058822
-18.4944281524928
-20.2979472140765
-22.1014662756601
-23.0153354632585
-21.6415335463257
-20.2677316293928
-19.2582474226805
-20.3132302405498
-21.3682130584191
-22.9835779816507
-26.3734862385317
-29.7115068493149
-32.236621004566
-34.7617351598171
-16.635
1.70099502487553
0.785572139303495
-0.724305177111063
-6.59351498637525
-12.4627247956394
-18.3319346049036
-22.8619230769227
-25.7550854700855
-28.9580538922163
-34.6676347305394
-40.3772155688625
-46.0867964071856
-47.4
-47.4
-47.4
-45.4268408551077
-41.0420427553453
-36.6572446555828
-32.2724465558204
-30.6628571428557
-37.8414285714274
-45.0199999999991
-52.1985714285709
-59.1052321981424
-59.4860371517028
-59.8668421052631
-60.2476470588235
-56.3813402061856
-51.5187972508589
-46.6562542955322
-40.0888235294116
-33.331960784314
-29.6502564102562
-31.6795604395602
-33.7088644688642
-33.8418410041842
-32.8125523012553
-31.5461538461538
-29.4859531772577
-27.4257525083615
-27.9221886792437
-36.5146415094336
-45.1070943396234
-44.9838493723845
-38.8039330543938
-33.4858555133083
-31.615133079848
-29.7444106463876
-30.2443720930236
-32.5327441860467
-30.5097222222218
-22.5328703703702
-15.8548507462687
-12.8735074626867
-9.89216417910466
-16.8136563876642
-30.9061674008802
-36.5794247787618
-23.5130530973458
-11.5742290748894
-21.0588105726869
-30.5433920704843
-25.7192000000002
-16.8592000000002
-11.6631372549019
-15.8886274509804
-17.8010989010988
-12.3890109890107
-10.164336283186
-12.3413274336285
-13.6579999999997
-10.4579999999997
-7.25799999999974
-2.5837349397586
2.85000000000041
6.34674008810529
0.386387665197748
-5.57396475770979
-4.5420588235294
-2.7332352941178
-5.68806060606028
-9.41836363636336
-13.1486666666664
-16.5331906614785
-19.6460311284046
-22.7588715953308
-15.1719499999999
-7.47694999999993
-14.9287179487192
-29.1338461538466
-32.6045255474451
-32.2556521739131
-29.1677777777776
-25.4326950354611
-26.7376595744681
-23.5162686567163
-18.6207462686566
-16.54875
-15.5747916666667
-16.9374468085106
-18.8842553191491
-16.3191489361702
-13.5316402116402
-14.8226455026455
-15.230638297872
-10.6348936170212
-8.51367021276595
-13.0828191489365
-16.6273015873017
-18.5691005291006
-19.3697872340426
-19.0293617021277
-11.3841489361711
0.738191489361614
0.992978723404388
-2.92191489361666
-8.04642857142849
-13.3678571428576
-8.23826530612198
-1.94744897959149
-1.26148717948717
-0.933282051282048
-9.35261538461526
-17.5539906103286
-18.4037558685446
-19.2535211267606
-22.3523826714804
-25.6736823104696
-28.5561639344262
-28.7430491803279
-28.9299344262295
-29.1899999999999
-30.1899999999999
-31.1899999999999
-31.9900000000001
-28.9900000000001
-25.99
-22.9899999999999
-24.8579384615385
-26.9287076923078
-28.999476923077
-29.4386363636364
-29.2113636363636
-28.9840909090909
-28.1772727272728
-27.2681818181819
-26.4710909090909
-26.682
-26.8929090909091
-29.0836764705879
-34.9513235294118
-40.8189705882358
-41.7812790697673
-39.8626744186046
-37.3237209302332
-22.9981395348839
-8.67255813953471
-0.178255813953411
1.74034883720943
3.65895348837228
1.62050458715578
-0.907018348623966
-1.13170454545452
-0.415795454545422
-1.57732758620696
-2.83767241379318
-4.0980172413794
-5.35836206896561
-6.61870689655183
-7.35347150259048
-5.10994818652838
-4.19463917525781
-7.9884536082474
-11.5277486910994
-14.4125654450259
-16.226
-16.2151891891892
-17.7182464454976
-20.6187203791471
-23.7384913793105
-27.1738362068965
-30.2339062500001
-29.49953125
-28.76515625
-26.228995215311
-22.0950239234448
-22.5755172413795
-28.9289655172411
-34.4252100840337
-33.6352941176471
-32.8453781512605
-35.1076987447698
-38.4424267782425
-40.3350000000001
-39.5492857142857
-38.7635714285714
-36.9248927038626
-35.0536480686694
-28.559368421052
-19.4646315789472
-16.1256020942408
-14.8088481675392
-13.4920942408376
-12.175340314136
-12.0459162303665
-12.0368333333333
-13.7201666666667
-15.6245505617979
-18.3605056179777
-18.2840782122902
-14.4796089385471
-15.5126815642459
-19.2668715083796
-16.881117318436
-13.3930000000002
-9.60966666666677
-7.21474226804121
-8.771443298969
-13.848181818181
-26.4049999999993
-33.6669491525422
-36.7686440677965
-35.030731707317
-32.3392452830188
-31.534213836478
-32.4655345911949
-34.7611320754718
-41.2270886075954
-48.8605660377364
-58.1184276729557
-56.5435849056604
-52.0981132075471
-47.0415094339626
-45.826329113924
-46.8699337748345
-45.6182781456954
-37.6618045112782
-28.4434482758624
-37.1147169811325
-25.4826415094338
-13.2773584905652
-11.2064150943397
-8.51679245283035
-7.91490566037736
-9.690396039604
-3.64712871287106
-1.89509433962271
-3.87761904761926
-7.62064748201474
-13.3019141914191
-14.4933333333333
-15.6847524752475
-16.8761716171617
-16.4744736842105
-16.3840659340659
-16.6972527472528
-18.4784824902725
-21.0854863813229
-22.574333333334
-19.632754491018
-28.4471257485027
-23.221320754717
-20.0286754966887
-17.8534210526315
-12.5639473684209
-11.0091176470588
-10.9708633093525
-10.0571942446044
-1.73474820143952
6.59382352941168
-0.259117647058722
-6.51510791366919
-11.6212949640289
-12.9162589928058
-13.4914705882353
-14.106451612903
-20.0354838709677
-28.3798701298703
-39.1396103896108
-38.2808571428572
-29.3954545454552
-14.9668387096773
-19.3087741935484
-19.918
-16.3180000000001
-12.7180000000003
-12.2035915492954
-16.9430281690143
-15.2799999999998
-15.4097872340428
-18.870780141844
-15.6171874999999
-12.1549295774648
-11.9373228346455
-20.1577876106194
-29.9365486725673
-32.0365882352942
-32.8949295774648
-32.8667605633803
-35.316030927835
-36.0763402061855
-36.8366494845361
-37.5969587628866
-37.8935294117647
-36.545935828877
-35.1983422459893
-33.8507486631016
-33.3633333333333
-33.8077777777778
-34.2522222222222
-34.6966666666666
-38.8659893048124
-45.4167914438502
-40.554033149171
-31.6811049723751
-31.0320600858369
-31.002017167382
-26.8236842105268
-19.8798245614038
-12.9359649122808
-9.19193548387094
-6.5145161290322
-3.83709677419345
-2.88294117647059
-2.00058823529415
-1.75072580645109
-9.90395161290264
-18.0571774193542
-19.1940160642573
-15.4550602409642
-11.9168965517243
-10.1858620689656
-8.45482758620688
-6.72238095238087
-4.98428571428562
-3.24619047619037
-9.27228070175508
-18.9521052631587
-24.9389883268483
-25.3864591439689
-25.8339299610895
-23.5087906976745
-20.6157674418603
-22.5168062827227
-26.6738743455497
-31.7624137931033
-37.1291849529778
-42.4959561128523
-36.5487261146504
-22.5804333333333
-25.6237666666666
-28.6671
-31.6420947630923
-27.8515710723192
-24.0610473815462
-20.2705236907731
-16.48
-15.8928256513026
-15.3056513026052
-14.7184769539078
-14.1313026052104
-13.5750964187328
-16.0847382920111
-18.5943801652894
-21.1040220385677
-24.8813235294122
-30.1768131868136
-10.5473529411768
-7.34147058823535
-14.6763636363636
-25.5248484848483
-26.0501149425288
-23.4918226600985
-20.9335303776683
-18.375238095238
-15.8169458128078
-13.2586535303775
-13.9500469483569
-16.1707042253522
-18.3913615023475
-20.6120187793428
-22.8326760563381
-25.0533333333334
-27.2739906103287
-29.4946478873239
-31.7153051643192
-33.9359624413145
-36.0947441860465
-36.2528837209302
-36.411023255814
-36.5691627906977
-36.7273023255814
-36.8854418604651
-37.0435813953488
-38.0586144578312
-39.694156626506
-41.3296987951807
-41.9843428571429
-39.8472
-38.0032835820896
-36.4410945273632
-29.9439506172836
-22.0149532710284
-20.1080555555556
-4.63766355140268
-5.60469635627492
-10.3091497975704
-13.3920676691729
-13.5922556390977
-13.7924436090225
-13.9926315789474
-14.1928195488722
-14.393007518797
-14.5931954887218
-14.7933834586466
-14.9935714285714
-15.1937593984962
-15.3939473684211
-16.6109799554566
-18.223452115813
-19.8359242761693
-21.4483964365256
-25.2862400000002
-36.5742400000002
-39.5653333333334
-46.9792000000002
-48.98
-45.0855135135135
-44.3936216216216
-43.9676572958501
-43.8538688085676
-43.7400803212851
-43.6262918340027
-43.5125033467202
-43.3987148594378
-43.2849263721553
-43.1711378848728
-44.0416190476191
-44.9220423280423
-45.8024656084656
-46.6828888888889
-47.5633121693122
-48.4437354497354
-49.3241587301587
-50.204582010582
-51.0850052910053
-51.3167924528302
-50.9960377358491
-50.6752830188679
-50.3545283018868
-50.0337735849057
-49.7130188679245
-47.7234460887943
-38.1314799154328
-28.5395137420714
-18.9475475687099
-9.35558139534838
-13.6272457627123
-34.8433474576264
-53.5162025316461
-46.4740084388188
-39.4318143459915
-40.3619289340102
-44.392385786802
-29.5967741935479
-15.8940540540547
-31.6643243243248
-47.4345945945949
-38.4040540540536
-28.8673745173737
-23.4652427184467
-24.5299676375405
-25.5946925566343
-26.4343820224719
-26.748988764045
-27.063595505618
-25.3921621621619
-22.5543243243241
-19.7164864864863
-20.3515771812082
-22.6972147651008
-25.0428523489934
-26.7064285714286
-28.0635714285714
-28.8605617977532
-15.2097777777785
-22.1313513513514
-22.9286486486486
-19.9362162162163
-16.7959731543624
-16.3530201342282
-19.3043624161071
-13.0761744966441
-13.7307954545453
-15.2776923076923
-15.8242567567567
-15.7381081081081
-14.9917250673855
-15.8003504043127
-16.6089757412399
-17.4176010781671
-18.0017220543807
-18.3521752265861
-18.7026283987916
-20.3327027027032
-23.6573575129533
-21.7195336787565
-21.1599452554744
-21.9245437956204
-22.6891423357664
-23.4537408759124
-24.2183394160584
-24.8426582278482
-22.9053846153846
-27.219487179487
-31.5335897435894
-35.648260869565
-38.3004347826088
-39.3535925925926
-40.3572962962963
-41.19265625
-41.5728645833333
-41.9530729166667
-42.33328125
-39.7633149171269
-33.2826519337021
-29.3741501976287
-27.042134387352
-24.7721606648201
-23.1295013850416
-21.4868421052632
-19.8441828254848
-18.2435231316726
-16.6883629893238
-15.133202846975
-15.740764525994
-17.4135474006118
-19.0863302752295
-20.5314634146342
-21.6351219512195
-22.7387804878048
-24.278026315789
-29.011578947368
-33.745131578947
-37.681784615385
-32.4540923076927
-27.2264000000004
-21.9987076923081
-20.6572727272728
-20.1118181818182
-19.5663636363637
-21.732994652406
-29.9362032085557
-38.1394117647054
-46.3426203208551
-49.8578723404255
-49.8365957446808
-49.8153191489362
-50.2643715846994
-51.9228415300545
-53.5813114754097
-55.2397814207649
-52.6680821917813
-47.5036986301372
-42.3393150684932
-37.1749315068492
-35.5111111111111
-33.9555555555555
-32.3999999999999
-30.8444444444444
-29.2888888888888
-27.7333333333333
-26.1777777777777
-23.0106299212596
-19.7586614173226
-16.5066929133855
-13.3870297029701
-11.0800990099009
-8.77316831683169
-6.46623762376249
-4.62574879227032
-6.98323671497571
-9.3407246376811
-11.6982125603865
-14.0557004830919
-18.3840611353714
-22.7945414847165
-27.2050218340615
-31.6155021834066
-34.8066972477065
-36.0085321100918
-37.2103669724771
-38.4122018348624
-39.6140366972477
-40.815871559633
-42.0177064220183
-43.2970588235293
-44.5911764705882
-45.885294117647
-47.1794117647059
-48.4735294117647
-49.7676470588236
-46.6801840490797
-41.888773006135
-37.0973619631903
-32.3059509202456
-27.5145398773009
-20.057965686275
-12.0555147058827
-4.05306372549037
3.94938725490193
6.23348214285715
6.61145833333335
6.98943452380955
7.49942528735638
8.21590038314179
8.93237547892719
6.9529268292684
4.21308943089446
1.79550607287461
0.0627125506074233
-1.67008097165976
-6.17308943089418
-11.1649593495938
-14.2071003717472
-14.1996654275093
-14.1922304832714
-14.0017647058823
-13.7328571428572
-15.5279865771808
-21.709194630872
-27.8904026845633
-32.9577994428967
-35.8630919220054
-38.7683844011141
-41.6736768802228
-44.3208955223881
-46.8820895522389
-49.4432835820897
-50.7555223880597
-50.1943283582089
-49.6331343283582
-48.780434782609
-42.3891304347829
-35.9978260869568
-29.5774380165293
-22.7014049586776
-15.8253719008259
-7.55235294117589
1.50647058823536
10.5652941176466
14.9029151291512
15.8217343173431
16.740553505535
14.4728048780489
11.7289024390243
11.4429149797573
14.6939271255063
17.9449392712552
13.1738351254477
7.89068100358381
3.26858789625352
2.39250720461088
1.51642651296823
0.64034582132559
0.63818181818183
1.04727272727272
1.45636363636361
-2.82234527687238
-10.2262540716608
-17.6301628664492
-21.3164935064935
-21.7061038961039
-22.0957142857143
-24.0037116564419
-27.7675153374235
-31.5313190184051
-35.1973520249223
-38.4465732087229
-41.6957943925235
-44.945015576324
-45.3121243523316
-45.620414507772
-45.9287046632124
-46.0425396825398
-44.7303703703705
-43.4182010582012
-42.1060317460319
-40.0135714285717
-36.4064285714288
-32.7992857142858
-29.2881818181818
-26.0504195804195
-22.8126573426571
-19.0868674698791
-14.6290361445779
-10.1712048192767
-6.92789855072437
-3.80471014492726
-1.18225806451615
-1.39731182795699
-1.61236559139784
-3.06678571428539
-6.72452380952359
-10.3822619047618
-14.04
-17.1343396226414
-20.2286792452829
-23.3230188679243
-22.8050176678446
-21.4940636042403
-20.183109540636
-25.4938461538464
-30.871468531469
-35.4773873873873
-34.9188288288288
-34.3602702702702
-36.7183620689656
-39.3649137931033
-39.4180971659921
-37.6691093117411
-36.2891360691143
-37.6152699784016
-38.9414038876889
-40.2675377969762
-41.5936717062635
-42.3835135135135
-42.6151737451738
-42.846833976834
-38.7946753246752
-34.266536796537
-30.7622006472494
-27.9693203883496
-25.1764401294499
-21.9975438596491
-18.4326315789472
-14.8677192982453
-12.4352272727271
-10.6124999999999
-6.32973684210489
0.959736842105722
6.72059523809511
5.01821428571415
3.31583333333318
1.40214285714279
-0.625329670329554
-2.08270742358071
-3.42331877729252
-7.58362989323826
-14.1459074733096
-20.7081850533809
-24.003358490566
-26.0901509433961
-28.0782531645569
-28.9314177215189
-29.784582278481
-30.637746835443
-31.4909113924051
-32.3440759493671
-33.1972405063291
-34.0504050632912
-34.9139285714286
-35.8246428571429
-36.7353571428571
-37.6460714285714
-38.138
-38.538
-38.938
-37.9977536231884
-36.6571739130435
-35.3467759562841
-37.0243715846995
-38.3347368421052
-37.97216374269
-37.7772514619883
-37.7714035087719
-32.8269105691058
-25.7489130434781
-18.3409836065569
-11.9475409836066
-10.0820168067226
-16.3446666666663
-12.6113333333332
-11.9133734939759
-14.5037349397589
-15.4288990825688
-15.9885321100918
-18.5597991967875
-22.2626104417674
-25.8172289156629
-28.5320883534139
-31.2469477911649
-33.7984422110555
-36.2657788944725
-36.6271978021978
-35.9513736263737
-34.9413793103448
-44.1272413793104
-47.6791000000001
-43.8947272727272
-41.6583636363634
-42.3151282051283
-43.6721686746988
-45.1147457627118
-45.8096610169491
-46.984189944134
-49.3920111731844
-48.9364804469273
-45.5007262569831
-39.1789385474856
-31.6202793296083
-26.2271578947366
-21.0822596153846
-19.3082211538461
-17.5341826923076
-13.726831683168
-9.76643564356404
-11.2432363636365
-13.257781818182
-15.1457320099257
-16.3690570719604
-17.5923821339952
-18.8157071960299
-19.9658556149733
-20.62628342246
-21.2867112299466
-21.9471390374332
-22.9025831202047
-24.3194629156011
-25.7363427109975
-27.1532225063939
-28.761547911548
-30.5772727272728
-32.3929975429976
-34.2087223587225
-35.9520118343196
-37.5910650887575
-39.2301183431953
-40.8493650793651
-41.8282010582011
-42.9522950819674
-44.9686885245903
-46.9850819672132
-46.5715165876777
-45.1165402843603
-49.9643888888883
-59.1921666666663
-63.5658333333331
-54.1492647058813
-50.4126086956512
-51.4585217391303
-49.1937383177572
-38.843271028037
-30.3002564102561
-24.253247863248
-18.0649206349212
-10.2514285714291
-2.43793650793696
1.20394029850745
1.56811940298507
1.93229850746269
1.24235294117628
-3.41310924369775
-8.06857142857178
-12.7240336134458
-12.0773033707863
-8.44808988764037
-4.81887640449448
-1.78341736694651
-5.57613445378131
-9.36885154061611
-13.1615686274509
-15.0211333333333
-15.0233555555556
-15.0255777777778
-15.0278
-15.0671497584541
-18.7821256038646
-22.4971014492751
-26.2120772946857
-29.9270531400962
-32.474939759036
-34.8484337349396
-37.2219277108433
-39.595421686747
-39.2595979899497
-37.8701507537688
-36.4807035175879
-35.091256281407
-35.8321752265861
-37.3216012084593
-38.8110271903324
-37.2690963855419
-31.7088554216868
-26.1486144578316
-21.6190053763437
-25.4281451612902
-29.2372849462366
-33.0464247311831
-35.6205699481866
-36.2630569948187
-36.9055440414508
-37.5480310880829
-38.0216321243523
-38.3454663212435
-38.6693005181347
-38.9931347150259
-38.5705958549222
-37.7804404145078
-36.9902849740933
-36.2001295336788
-30.8473890339428
-24.4244125326372
-18.0014360313316
-11.578459530026
-15.5584615384615
-19.750769230769
-23.9430769230766
-21.5695548961429
-14.8188130563801
-8.06807121661726
-2.57807692307691
-1.30884615384618
-0.0396153846154532
1.22961538461528
-3.01728813559279
-8.23762711864369
-13.4579661016946
-16.9911111111111
-16.7688888888889
-16.5466666666667
-13.0003321033214
-7.3287453874538
-1.65715867158624
-6.01666666666708
-11.4907407407411
-16.5219230769232
-19.7815384615383
-22.004101382489
-16.621612903226
-11.2391244239629
-10.3725773195876
-9.73296296296298
-8.02925925925934
-6.3255555555557
-10.0307142857141
-14.6903781512605
-17.9650925925926
-19.6780555555555
-22.3044957983191
-26.9641596638656
-31.623823529412
-28.1726431718059
-24.1109691629953
-22.5585714285714
-22.2988311688312
-22.5042424242423
-23.5735064935064
-24.6357692307692
-25.53
-26.4242307692308
-29.6565405405404
-33.525129310344
-41.7535775862063
-49.9820258620686
-48.2081730769231
-43.7754807692307
-44.9519480519482
-48.4194805194808
-51.3500000000001
-53.475
-55.318787878788
-53.9286363636364
-52.5384848484848
-52.9824060150377
-55.7606015037594
-58.5387969924811
-56.2461038961039
-52.5231601731601
-50.196049382716
-49.442962962963
-48.6094382022473
-45.845393258427
-43.546914893617
-42.5735106382978
-38.334666666666
-28.7680000000003
-24.0190410958905
-22.6156000000003
-20.1622666666669
-23.5824832214764
-29.4234782608693
-27.3733110367891
-25.3231438127088
-24.4671345029246
-30.9466666666672
-38.0867187500004
-46.1023437500001
-49.5897641509434
-48.7265566037735
-46.4102074688793
-41.8209958506222
-37.2317842323651
-41.5477625570776
-46.0454794520547
-45.9206629834254
-44.5670718232044
-44.5455681818182
-43.7812499999999
-40.2869318181817
-29.0275000000001
-8.65250000000179
-6.46649999999996
-9.12807453416155
-17.1591304347832
-14.0646022727264
-4.9793749999991
-4.97722891566271
-3.60113924050605
6.13303797468427
-4.49455497382336
-26.0861780104716
-29.3661538461539
-26.2123076923078
-3.63808035714396
24.0985267857131
31.8703973509937
23.3074834437089
14.7445695364241
7.04436860068286
0.109215017065267
-6.82593856655233
-11.5362445414845
-14.7633187772924
-19.285192307692
-26.6890384615384
-33.1469902912622
-36.4382524271846
-39.4006607929516
-40.7574889867843
-42.1143171806169
-42.4975982532751
-42.7727074235808
-42.3903947368422
-41.5877631578948
-41.4972368421052
-42.8524999999999
-44.2241530054644
-45.9072131147541
-46.7550738916255
-44.6417733990147
-43.5255092592594
-46.6597685185185
-49.7490308370044
-51.3833920704845
-53.0177533039647
-55.344862385321
-57.890733944954
-58.081646090535
-56.5672427983539
-54.62537037037
-50.2611728395058
-45.8969753086416
-41.5327777777774
-44.2464495114008
-47.6601302931595
-51.0738110749183
-21.5282352941174
-21.8793298969072
-22.595824742268
-23.3123195876288
-22.6373880597026
-10.7045522388064
-11.499538188277
-16.0963410301953
-20.6931438721136
-25.2899467140319
-29.8867495559502
-32.1046043165469
-19.7089208633094
-20.4037956204379
-25.4621897810219
-30.5205839416058
-35.5789781021897
-40.6373722627736
-44.2917067307692
-44.1498798076923
-44.0080528846154
-43.8662259615385
-42.576129032258
-33.9675
-34.3425
-34.7175
-35.0925
-35.4268250539957
-33.7680777537797
-32.1093304535637
-30.4505831533478
-28.7918358531318
-26.885625
-24.5923557692308
-22.2990865384615
-20.0058173076923
-18.8374025974026
-21.4348051948052
-24.0322077922078
-26.6296103896104
-29.227012987013
-29.7485371179039
-28.9428602620087
-28.1371834061135
-27.3315065502184
-26.4403217821783
-22.7843811881189
-19.1284405940594
-15.4725
-11.8165594059406
-13.9033243967829
-16.0480965147453
-18.1928686327078
-20.0372117962466
-21.0264879356568
-22.015764075067
-23.0050402144772
-24.2550802139037
-25.7363636363636
-27.2176470588235
-28.6989304812834
-32.1677683615818
-36.1649435028248
-40.1621186440678
-42.0652491103203
-37.6862455516014
-33.3072419928826
-28.9282384341637
-24.5492348754449
-20.170231316726
-23.2215624999999
-30.6367410714285
-28.000040322581
-9.64116935483914
8.71770161290265
9.37225000000002
8.27582142857143
6.92669291338577
3.53299212598415
0.139291338582528
-2.83099137931044
-5.4818534482759
-8.21074074074073
-11.1737037037036
-14.1366666666666
-12.0313821138213
-5.77934959349591
-0.860981012658481
-9.42743670886079
-17.9938924050631
-26.5603481012654
-28.6504234527687
-30.2530293159609
-31.8556351791531
-34.7332832080201
-37.8184962406015
-40.903709273183
-43.9889223057644
-44.5495857988166
-44.7330177514793
-44.916449704142
-53.4654878048777
-58.8222764227642
-59.5075510204083
-61.706530612245
-61.6152733118971
-59.042926045016
-56.470578778135
-54.2707818181818
-52.7053272727273
-51.1398727272727
-49.5744181818182
-48.0089636363636
-46.4435090909091
-45.0667131474103
-43.7181075697211
-42.3695019920319
-41.0208964143426
-39.6722908366534
-39.47
-39.47
-38.4596428571428
-36.2632142857143
-38.1986554621849
-41.5841666666667
-42.5096842105263
-38.4419444444443
-33.31
-48.4177844311381
-58.4718360655738
-58.2652786885246
-58.0587213114754
-58.1413318284424
-58.9675169300226
-59.7937020316027
-60.6198871331828
-61.446072234763
-61.9915258855586
-62.4874386920981
-62.9833514986376
-63.0945847176081
-61.453388704319
-59.81219269103
-58.8409363295879
-61.1405617977528
-63.4401872659176
-66.4239552238806
-70.0918656716419
-73.7597761194032
-75.8068202764977
-77.498064516129
-76.5417167381974
-74.1597424892703
-73.2004713804715
-75.2644444444445
-77.3284175084176
-76.4450737463125
-70.0881415929202
-63.7312094395278
-57.3742772861355
-57.5033663366337
-57.902706270627
-58.3020462046204
-48.8764761904766
-38.7113968253972
-28.5463174603178
-21.3666559485532
-15.0290353697751
-8.69141479099703
-6.28987623762378
-5.82700495049506
-5.36413366336634
-4.90126237623763
-10.1605607476634
-18.7804984423674
-27.4004361370714
-30.5228244274811
-26.0533587786261
-21.5838931297712
-18.4699307958479
-15.6948442906575
-12.9197577854672
-11.5967557251909
-10.4173664122138
-10.2622222222221
-12.6147126436781
-14.967203065134
-19.2264122137402
-24.3829007633585
-29.3284732824427
-30.9696946564885
-32.6109160305344
-33.2159541984732
-32.502213740458
-31.7884732824427
-32.0403802281369
-32.5042585551331
-32.9771720818292
-33.4886040914561
-34.0000361010831
-34.51146811071
-35.022900120337
-35.5343321299639
-36.0457641395909
-36.5571961492178
-37.0686281588448
-30.9776855895196
-23.9864192139736
-23.2509411764706
-26.8627058823529
-30.4879116465862
-34.4357028112448
-38.3834939759034
-42.3114705882352
-46.2232352941176
-49.2193534482759
-51.3357327586208
-51.4253240740737
-42.8743981481481
-34.9039999999997
-45.704
-56.5040000000002
-56.0284528301887
-55.3227924528302
-55.9927596439171
-59.4556676557865
-62.9185756676559
-66.3814836795253
-66.9896216216216
-67.4788108108108
-67.968
-68.5604373177842
-69.4467346938776
-70.3330320699709
-71.2193294460642
-53.4058415841584
-31.7622772277238
-29.9438655462184
-32.7757983193277
-35.607731092437
-36.9041758241758
-33.3382417582418
-28.0506698564595
-20.3855980861243
-14.4339999999999
-11.9612727272726
-9.48854545454535
-8.68556313993175
-9.09170648464164
-9.49784982935153
-10.2794822006472
-11.2633009708737
-12.2471197411003
-16.1047011952188
-22.2202390438244
-27.9749339207049
-26.8736123348018
-25.7722907488987
-27.2422709163346
-29.4374900398406
-31.8805859375
-34.9938671875
-38.1071484375001
-38.3067619047619
-37.3162857142857
-36.3258095238096
-37.8742774566472
-41.4176300578034
-44.9609826589595
-48.4252808988765
-51.1780898876405
-53.9308988764045
-56.6837078651685
-57.9433944954128
-57.9311620795107
-57.9189296636086
-58.5534415584415
-60.9365584415584
-63.3196753246753
-65.7027922077922
-68.085909090909
-66.161798941799
-61.9184126984127
-53.0959259259263
-51.7166666666666
-53.5795918367347
-50.1102040816326
-47.5298454746137
-48.7395584988963
-49.9492715231788
-51.1589845474614
-52.3686975717439
-52.1438144329897
-51.1798969072165
-50.2159793814433
-49.2520618556701
-48.2881443298969
-47.3242268041237
-46.3603092783505
-45.3963917525773
-43.7107594936709
-41.9449367088608
-40.1791139240506
-40.9466304347826
-42.6042391304347
-52.3882608695652
-64.3700961538465
-66.1863414634146
-65.4407692307692
-66.6090384615384
-66.8614423076923
-65.7400480769231
-64.6186538461538
-63.4972596153846
-62.3758653846154
-61.2544711538461
-60.1330769230769
-59.0116826923077
-57.8957800224466
-56.8430303030303
-55.7902805836139
-54.7375308641975
-53.6847811447811
-52.6320314253647
-51.5792817059483
-50.5265319865319
-49.4737822671156
-48.4210325476992
-47.3682828282828
-46.3155331088664
-45.26278338945
-44.2100336700336
-43.1572839506172
-42.1045342312009
-41.0517845117845
-39.9990347923681
-38.9462850729517
-37.8935353535353
-36.8407856341189
-35.7880359147026
-34.7352861952862
-33.6825364758698
-32.6297867564534
-31.577037037037
-30.5242873176206
-31.9442892156864
-37.9565441176471
-43.9687990196078
-49.9810539215686
-54.4305905511811
-54.655
-54.8794094488189
-56.39522875817
-57.418947368421
-54.5636842105264
-58.3229599999997
-58.5400000000003
-51.3355172413793
-52.7320689655172
-54.6614089347079
-57.3899312714776
-60.1184536082474
-59.33409375
-54.8934687500001
-50.4528437500001
-54.37
-55.9344571428569
-48.1801714285711
-52.1108247422681
-56.4696341463414
-57.9513414634146
-59.3785294117647
-60.7347120418848
-62.9703141361256
-64.6591176470588
-61.9238235294118
-61.8425
-62.6458333333333
-63.4491666666667
-65.5380952380953
-68.0555555555556
-70.5730158730159
-72.0328301886793
-72.77675
-72.45175
-72.1298324022346
-72.1130726256983
-71.7826923076923
-70.3403846153846
-68.8980769230769
-70.9965671641791
-75.2652238805971
-76.1601209677419
-74.8980241935484
-74.4478861788618
-79.4316260162601
-84.4413207547168
-87.0394029850747
-84.2632835820895
-77.7332307692309
-83.1828143712572
-94.59
-86.9683783783785
-79.3467567567569
-75.8503999999999
-78.2903999999999
-80.7303999999999
-71.0998207885307
-60.2754480286739
-50.6638325991189
-49.9457709251101
-49.2277092511013
-46.1403804347826
-42.6349456521739
-39.1295108695653
-35.3588219178084
-30.2930684931509
-25.2273150684933
-20.1615616438357
-19.5964476386036
-23.1857700205338
-26.775092402464
-30.3644147843942
-33.9537371663244
-35.8924376199616
-36.9423416506718
-37.992245681382
-39.0421497120922
-40.0920537428023
-39.9613753581661
-38.3281375358165
-36.694899713467
-35.0616618911174
-35.434872881356
-35.913686440678
-36.3925
-36.871313559322
-37.9930825242719
-41.2673543689321
-44.5416262135923
-47.8158980582525
-51.253974763407
-56.0173817034702
-60.7807886435333
-65.5441955835965
-64.6857738095238
-63.4685119047618
-62.2512499999999
-54.6076677316289
-42.3105431309899
-30.0134185303509
-20.1400593471807
-13.2290801186941
-6.31810089020742
-0.295698113207708
-4.4919245283019
-8.6881509433961
-11.4743786982248
-12.3915384615385
-18.5574371859297
-26.5674874371859
-27.2020224719101
-25.3780524344569
-23.7931343283583
-24.9573134328359
-26.6259000000004
-34.9959000000004
-42.9336111111112
-45.1280555555557
-47.3225000000001
-49.5169444444445
-52.8057195571957
-56.3186346863469
-59.0898984771573
-56.4223857868021
-53.7548730964468
-51.0873604060915
-49.8757664233574
-55.2966909975668
-60.7176155717762
-66.1385401459856
-71.0053083700439
-68.5097136563876
-66.0141189427312
-63.5185242290749
-61.0229295154186
-60.2012968299712
-60.864121037464
-61.5269452449567
-62.1600245700246
-62.3271007371007
-62.4941769041769
-62.6612530712531
-62.8283292383292
-60.241590296496
-57.6270350404313
-55.0124797843666
-52.3497413793104
-49.5631034482759
-46.7764655172414
-43.9898275862069
-41.2031896551725
-39.9042162162162
-39.442054054054
-38.9798918918919
-38.5177297297297
-39.303966480447
-40.1698882681565
-41.0358100558659
-41.1341486068111
-39.8678947368421
-38.6016408668731
-40.0948684210526
-53.6742857142857
-56.3885714285714
-59.1028571428572
-61.8171428571429
-62.4463090128755
-62.7639055793991
-60.4302631578947
-55.8381578947368
-51.9790393013101
-50.2061135371179
-48.4331877729257
-45.3005676855895
-42.1258951965065
-32.6947017543859
-20.3192631578948
-7.94382456140369
-11.8713333333333
-19.138
-26.4046666666668
-24.5968771929824
-22.6038947368421
-22.764144486692
-37.3344866920152
-51.9048288973384
-51.7391228070176
-36.8373684210528
-21.935614035088
-16.700303030303
-16.67
-16.639696969697
-17.4826062322947
-19.9471954674221
-22.4117847025496
-24.876373937677
-27.2067961165048
-29.5077669902913
-31.8087378640777
-34.1097087378641
-36.4106796116505
-36.4833021806853
-35.4583800623053
-34.4334579439252
-36.3814285714285
-41.8193167701863
-47.2572049689441
-52.3838650306749
-56.5249693251534
-60.666073619632
-64.8071779141105
-70.2945544554456
-75.809405940594
-81.3242574257425
-80.6422448979592
-79.6340816326531
-78.7919433198381
-78.1158299595142
-77.6002941176469
-82.2767647058823
-86.9532352941177
-84.1018134715026
-80.6065853658536
-68.2163414634148
-73.2116129032258
-64.4659591836735
-64.7639183673469
-65.0618775510204
-65.8837209302325
-68.0536434108526
-72.6737984496124
-68.1203076923077
-66.6590909090909
-66.8489111747852
-72.3216905444127
-77.7944699140402
-83.2672492836677
-79.9091666666665
-72.5138764044946
-90.9127528089887
-104.335665024631
-107.655862068966
-109.351732522796
-107.257507598784
-105.163282674772
-103.091033333333
-103.194366666667
-103.2977
-103.370694006309
-100.440094637224
-97.5094952681389
-94.5788958990537
-87.3660000000001
-79.3374285714285
-71.4729743589743
-67.5473333333333
-63.6216923076923
-59.6960512820513
-54.3881542699726
-40.5892561983473
-26.7903581267219
-12.9914600550966
-3.93802850356298
0.556033254156759
5.0500950118765
9.54415676959623
11.8289048991354
8.9585878962536
6.08827089337178
3.21795389048996
3.40297297297296
4.21378378378378
5.0245945945946
11.1571841155235
18.0849819494586
23.7716245487363
18.287870036101
12.8041155234657
10.8899999999999
13.359702970297
13.7557425742574
12.1433333333333
10.1068
10.2200881057268
0.0218502202643815
-10.176387665198
-11.0813793103449
-9.36519893899207
-7.64901856763928
-5.99904615384611
-10.9036615384615
-15.8082769230769
-20.7128923076923
-24.9344970414201
-28.9404142011834
-32.9463313609467
-34.4416935483871
-31.8408870967742
-29.2400806451613
-31.8650806451613
-35.0707258064516
-37.2278181818182
-37.9369090909091
-38.4860144927536
-38.4678985507246
-38.4497826086956
-42.7483240223462
-52.1142458100557
-61.4801675977653
-70.8460893854748
-63.3843005181348
-53.627823834197
-43.8713471502592
-34.3673888888888
-37.2368333333333
-40.1062777777778
-42.9757222222223
-54.4241295546561
-77.7196761133603
-101.015222672065
-81.1131081081078
-71.1288513513514
-74.8923648648649
-71.0504878048781
-74.1752348993288
-77.2896363636364
-74.3623636363637
-71.6388673139159
-71.6226860841424
-71.6065048543689
-71.5903236245955
-67.690777385159
-63.7119787985866
-67.5269999999989
-80.9165838509317
-75.9007042253521
-76.1683098591549
-84.2367058823531
-68.3345679012349
-75.4521126760563
-55.7197183098593
-71.4646887966803
-47.7136514522822
-23.9626141078841
-13.020239520958
-5.76340540540541
-5.96070270270271
-6.158
-6.3552972972973
14.8718253968253
9.30833333333336
3.74484126984138
2.83218978102184
6.04386861313868
9.25554744525553
9.93
-2.13153846153846
-14.1930769230769
-26.2546153846154
-49.2080729166668
-23.6716145833336
-6.38453781512596
-9.87866666666688
4.13799999999992
-0.048553054662321
-6.71736334405136
-13.3861736334404
-14.43875
-13.81375
-13.5570833333333
-15.7654166666667
-17.2073953488372
-18.3050697674419
-23.8325242718448
-33.1334951456312
-35.150487804878
-29.2765040650407
-23.555365079365
-25.323619047619
-27.091873015873
-28.860126984127
-30.6652272727273
-32.4758333333334
-34.2864393939394
-36.0970454545455
-30.9185667752442
-25.0488599348535
-19.1791530944627
-16.9658823529412
-15.4490756302521
-17.6181300813008
-22.4058620689655
-18.1176923076923
-15.210202020202
-11.5012025316455
-21.6214556962025
-28.0504419889503
-29.5863535911602
-34.8394685990339
-42.3708695652175
-47.3248809523809
-54.2947938144328
-62.9494329896906
-63.1232026143791
-60.7637254901961
-58.4042483660131
-64.6093750000001
-57.2718750000001
-49.934375
-54.8612781954888
-59.0267567567567
-57.2312359550562
-57.0739325842697
-56.9166292134831
-58.5353667953668
-61.1531274131274
-63.6323791821561
-63.4799628252788
-63.3275464684015
-63.8172131147541
-65.4483606557377
-67.0795081967213
-65.8506530612245
-64.3731020408163
-64.6133181818182
-66.7905909090909
-67.3513122171945
-63.5413574660633
-59.428606557377
-50.5720491803278
-41.7154918032787
-38.66670995671
-39.1775324675325
-34.6714285714286
-18.9986175115209
-5.48236065573771
-5.21350819672131
-4.94465573770492
-4.9197340425532
-7.36122340425534
-9.80271276595747
-12.2442021276596
-15.8297887323944
-21.7382394366198
-27.6466901408451
-32.4086581469649
-35.9773482428115
-39.5460383386582
-40.5611267605633
-37.0364788732394
-33.5118309859155
-36.3338658146965
-45.0143769968051
-53.6948881789137
-61.3591459074732
-67.4338790035587
-73.5086120996442
-66.2255199999998
-49.2695199999998
-32.9118118466898
-23.4344599303135
-13.9571080139372
-6.87384615384617
-8.79692307692309
-10.72
-12.6385618729097
-14.5114715719064
-16.384381270903
-17.5908201892745
-12.7990220820189
-8.0072239747634
-3.21542586750786
-5.17217647058825
-7.63688235294119
-10.1015882352941
-8.76260061919503
-4.05052631578944
0.661547987616142
0.980860927152218
-8.94960264900669
-18.8800662251656
-26.3065432098765
-27.2941975308642
-28.2818518518518
-26.5340892193309
-24.3036059479554
-23.1520512820513
-27.6648717948718
-33.960864197531
-46.9649794238684
-59.9690946502058
-59.0766165413534
-54.2645864661654
-50.03
-50.03
-50.03
-50.03
-50.6689776357828
-51.3079552715655
-51.9469329073482
-49.7805703422053
-47.1950190114068
-45.4137320574163
-46.1792822966507
-47.0986567164179
-48.8897014925373
-50.9258333333333
-54.4675
-57.5788986784141
-59.1648017621145
-60.750704845815
-61.9865217391304
-63.2039130434783
-65.8810822510823
-69.3442857142857
-72.6928695652174
-75.8189565217391
-78.8388235294118
-79.3094117647059
-79.78
-79.8495652173913
-79.5017391304348
-78.3325108225108
-73.6615151515152
-68.9905194805195
-70.851164021164
-73.6024867724868
-68.3919047619048
-64.2225925925926
-70.1485185185185
-75.54
-78.9209523809524
-82.0857004830918
-84.7910144927536
-86.2139393939394
-83.7896969696969
-78.4750746268656
-65.3457213930349
-59.7566147859921
-75.6282101167314
-91.4998054474708
-93.4409523809524
-89.1234920634921
-84.8060317460318
-73.5390654205608
-39.3633333333334
-43.4983544303799
-55.8080869565218
-15.1111627906982
-16.2983838383839
-9.06444444444443
-1.32213592233011
-0.686415094339609
-8.13323943661967
-15.2028571428573
3.95904761904764
-3.66
-6.53769784172662
-2.29200000000001
-1.3
-8.23952755905513
-18.4836956521739
-15.4386956521739
-5.01181818181819
-15.8251219512196
-25.7557142857143
-26.83
-55.63
-56.2795049504951
-52.0351948051948
-65.1998113207549
-46.2118181818181
-41.2488235294118
-42.1311494252874
-44.849801980198
-39.9310752688172
-24.5074193548387
-31.4966666666667
-29.93
-28.83
-27.1668421052632
-30.5352631578947
-37.9783870967742
-37.0014285714286
-32.03
-34.7027272727273
-45.1886206896552
-53.3602325581395
-46.7157142857143
-59.4888235294118
-54.3673493975903
-50.7914457831325
-41.6007317073171
-38.7519512195122
-28.43
-26.7617073170732
-23.0571604938272
-28.03
-28.4793827160494
-31.2451898734178
-37.8882278481013
-42.5160759493671
-40.5984210526317
-54.2826315789474
-49.8966666666667
-41.9140579710145
-47.752033898305
-65.3785714285714
-61.8938297872341
-62.5754545454545
-74.7572727272727
-65.9448936170213
-78.383488372093
-71.6672093023256
-74.9788372093023
-80.336976744186
-76.5788372093023
-73.1183720930233
-80.3183720930233
-75.2020930232558
-71.63
-64.1695348837209
-56.83
-47.1090697674419
-62.03
-70.6395238095238
-70.6966666666667
-65.1538095238095
-69.23
-50.0300000000001
-50.182380952381
-74.2034939759036
-67.6525806451613
-69.9106451612903
-72.1687096774194
-74.7812195121951
-69.4056097560976
-65.7633333333334
-78.35
-66.83
-63.47
-69.6915384615385
-81.8453846153845
-81.4405263157895
-69.3773684210526
-77.7557142857143
-69.8077777777778
-64.27
-78.9269696969697
-73.005
-87.8966666666667
-88.75
-104.296666666667
-102.83
-113.71
-102.83
-109.115714285714
-102.388620689655
-95.63
-116.607777777778
-123.344285714286
-99.3157142857143
-81.3442857142857
-45.2024137931035
-16.5127586206897
-14.86
-34.0178947368421
-8.39846153846154
-12.4163636363636
-14.308275862069
-14.86
1.45489361702127
-1.41294117647059
2.04526315789474
2.97783783783784
3.0358904109589
-2.32666666666667
-9.02793893129771
-10.86
