33.170962404814
34.6781669061093
35.9579596522234
34.1963269881467
27.4723686548137
24.8710684605137
27.1094104294258
26.1375451444509
22.3188922947105
20.4101811548141
19.7747644881475
19.7934000667311
20.1198249371975
20.3261064794894
20.4923402457231
20.6585740119569
20.8248077781907
17.1008061548138
12.944556154814
11.9271306366792
10.926585793989
9.02967857749417
8.00540022697975
14.0414827012064
22.717822907392
39.8162148698269
39.0401334448905
38.2640520199541
37.4879705950176
37.0233949010376
37.4010384055693
37.7786819101011
38.1563254146328
32.6897954670816
26.9797582923605
22.2768747032012
20.2970359935238
18.3171972838464
16.9664070002248
15.7828321209978
14.7430440580399
13.7591730902978
9.7908997538476
5.33679347365471
-1.69721618818036
-9.41702295146477
-8.95679669328783
-5.3154464823172
-4.34856884518553
-8.34856884518536
-10.7906201272379
-7.00087653749391
-5.90430748154937
-12.8872620270031
-16.5993380759551
-16.9070303836475
-17.6163402737573
-18.6677688451859
-18.8804662810834
-18.870209870827
-18.8646618684418
-18.8600107056511
-19.3981842298014
-20.1802355118526
-20.4660047426219
-19.8301073067244
-23.341902178519
-18.4530132896298
-14.4885688451856
-12.4885688451857
-10.4885688451857
-8.48856884518578
-6.48856884518583
-2.1958870270043
3.12684024572231
7.45661633999862
10.7529126362951
14.1034311548138
18.3034311548142
22.5034311548145
22.0871848703128
20.9194566325209
19.751728394729
18.5840001569371
15.8700978214797
4.39454226592411
-7.08101328963144
-6.89828996072379
-5.42020231132152
-5.67538043938864
-8.64156401426828
-11.412854559472
-13.7699974166146
-17.1316289544757
-21.4977491730551
-22.9319678599643
-22.9221156432155
-20.9669204935377
-17.9174699440866
-15.3844904138132
-12.9648825706761
-9.61872707303409
-3.76746125024901
2.08380457253607
7.29211865481405
7.29836865481404
7.30461865481405
7.31086865481404
13.3856107213765
20.0605333219957
26.7354559226148
30.4053846431859
32.6611985966744
34.917012550163
32.950268364116
28.9037567362089
25.4153846431865
27.5704234028764
29.7254621625664
30.2337198872082
29.1597762252364
28.0858325632647
24.3814311548136
19.3814311548134
14.518553796323
11.042138701984
7.56572360764492
0.0440679707350995
-7.60269819842003
-4.65406335068063
-1.86603153175302
-2.77647929294716
-3.56727531284765
-3.55732506409143
-3.53015157899892
-3.37667436077351
-3.22319714254809
-3.06971992432267
-2.91624270609725
-7.00691595262383
-11.3209655394014
-14.5625107539
-16.8529671854349
-18.6236101675002
-16.5822878534507
-14.5409655394012
-4.09371407340369
9.9560784577175
13.5556340533661
-8.429873193009
-24.7847850614028
-21.1766769532944
-17.568568845186
-6.53871809891849
4.49113264734896
-1.7257470630064
-8.11683617191734
2.98396846824588
14.6257595130234
20.6193432427258
25.4196612433097
24.3355904468495
23.2515196503892
21.6986998772808
20.0819597891751
18.9596690402765
18.1535016393954
19.6509465733171
25.6201095689119
30.9632813750779
27.9897130931395
25.0161448112012
19.6566734455618
13.7007263089979
10.0407674379996
8.41687363269007
7.45266463499025
8.27204789490214
9.09143115481405
6.93284084644398
4.77425053807392
1.69125948099416
-1.7336332228686
-0.404877858060615
8.05434960975081
15.5197867103687
9.78200893259088
4.0442311548131
6.52822259866436
10.8169926521395
9.99711162818678
10.6622524108538
16.3192572417712
21.715281422194
25.9987038820873
30.9046226441767
37.1333460484316
41.1490039703481
42.3480330965617
43.3440907292822
44.0089843463034
43.8521263419798
42.8735167163113
38.8529665878842
33.0458799737109
27.8932321026815
29.3576870789848
30.822142055288
25.2174737080052
19.4685375377922
17.7099217208519
18.2948273812293
16.3442882976703
11.9577336758218
8.41126308758737
10.4868933396881
12.5625235917889
9.91826321588261
5.70070596397404
2.06584291951996
2.33054880187288
2.59525468422581
-0.666515613246652
-5.10377797066091
-8.67220520882261
-5.86917490579217
-3.06614460276173
1.24924628086444
7.20302779346921
13.0306353070628
17.7226768295543
22.4147183520459
27.6049173933465
34.6691375768333
41.5535001203315
42.6224656375728
43.6914311548141
41.0716287832726
36.9451465698342
32.2936050678586
25.2501268069883
18.206648546118
16.3785853050117
17.3588224591618
18.6095430429256
21.8438087771917
25.0780745114578
26.5429947911769
22.9720857002678
19.4011766093587
29.0801113578599
26.9024463832404
24.8812922659251
23.747033006666
22.6127737474069
25.7468025833848
27.0808028825636
22.5781850815162
18.6522474813448
15.8971454405283
13.1420433997117
8.95126308758685
4.56470846573832
2.82540605021152
3.73335584100646
4.6413056318014
5.54925542259634
6.45720521339128
6.98801652066765
7.37216286213109
7.75630920359454
10.5098926932757
16.279123462506
22.0483542317363
25.5959277991092
26.4281425642099
27.2603573293105
27.4153441982924
26.8066485461184
26.1979528939445
26.7977947911777
28.7068857002685
30.6159766093594
32.5250675184502
34.4341584275411
30.8395901506306
24.1492135815926
18.9389625355672
18.1690880585797
17.3992135815922
13.2913471212002
8.64008661699872
4.99852659049857
2.45080874817477
0.0241867103694666
-0.793591067408315
-1.61136884518609
-6.15973248155047
-11.5270052088232
-16.2936692467919
-13.0808178411697
-9.8679664355475
-6.51069735924226
-3.04884996968372
0.0649527494983744
-0.340362865119538
-0.74567847973745
-0.616178174632452
5.66370520729205
11.9435885892165
18.223471971141
22.1369668690999
24.7762525833854
27.415538297671
29.9936426932754
32.5609503855832
35.128258077891
35.8237708984038
35.8269760266089
35.830181154814
36.1942928911485
36.7891481966147
37.3840035020809
35.2739578452055
30.4590112259883
25.6440646067711
22.0471945135924
18.9975761929816
16.3130391950154
18.4788683407438
20.1270311548144
15.8220311548144
11.6650311548142
9.21003115481422
6.28703115481465
-2.01796884518535
-9.63364422207039
-9.32208643312564
-9.23206884518627
-11.3820688451863
-13.5330412069953
-15.6938452270955
-16.5561567848853
-5.73203618186905
4.84842703958869
13.45748053753
22.0665340354714
25.5014311548139
26.501431154814
26.4568621892967
22.4827242582625
18.5085863272283
18.307243120626
18.5722003855833
19.2744783651146
20.3345642020243
21.0651322224298
20.627409802501
20.1896873825721
20.4509517027591
21.7180749904303
22.9851982781015
24.2093319181726
25.3887212311497
26.5681105441269
26.2288773086603
25.6627234625064
25.0965696163526
26.5347644881471
29.2014311548138
31.8680978214804
29.1842405193629
23.2210298170213
17.2578191146798
15.5807168690998
16.4208529235216
17.2609889779433
14.1931958606964
9.36966644893201
5.02119859667469
3.59096603853511
2.16073348039554
2.33547784742092
3.77127551279048
5.20707317816004
6.40789029878279
7.60633387854946
7.05432589165605
4.08502764604227
2.52193115481314
9.59693115481315
15.5054311548142
14.2482882976712
12.9911454405283
17.3848095331923
24.3172419656239
26.539693703077
23.4508906142736
20.3620875254701
21.0959209507325
22.3510229915488
23.6061250323651
21.0734612300017
18.299025139776
15.7824837863927
13.9291003277463
12.0757168690999
10.224664237521
8.37504017737048
6.52541611722
4.96560200908552
3.41786331561837
0.188324358698111
-3.09322903936023
-3.66245234033155
-3.96342321411797
-8.08856884518606
-12.8885688451867
-13.3708989422733
-12.7738115636327
-17.0621786012828
-23.0670566500641
-23.0729377772246
-20.383617388875
-21.2785688451861
-24.2785688451859
-25.0179834793323
-24.1204225037224
-20.0580348646028
-13.1891028257691
-9.83056884518587
-10.430568845186
-10.778568845186
-10.778568845186
-9.09345967487977
-6.13712779715046
-2.13404252939538
4.56069431270902
11.2554311548134
16.3579446683271
19.3498365602192
22.3417284521112
25.3336203440033
26.7491068304898
27.5815392629222
28.4139716953547
29.2164176777251
29.0493017747601
28.8821858717951
28.7150699688302
27.1112689926512
22.4545122358948
17.7977554791384
13.140998722382
10.6508906142736
9.48872845211138
8.32656628994916
7.16440412778694
6.61143115481404
6.11143115481408
5.61143115481412
4.79304065349517
2.84581110204396
0.898581550592759
-1.04864800085845
-0.248862962833627
4.19231350775487
8.63348997834336
13.0746664489319
13.2070030023212
11.4034839407376
9.59996487915392
8.68609569155552
10.0598976084884
11.4336995254212
12.4431837321336
11.3882009142642
10.3332180963949
8.71785317316335
5.32794491628236
1.98992430549912
-0.535189849751958
-3.06030400500304
15.066431154814
33.4024261796896
32.4870032941175
30.977125977703
25.1079161684388
19.2387063591746
13.3694965499104
8.83950807789132
5.94634568472855
2.74337726259778
-2.96620357572532
-8.67578441404843
-14.3853652523715
-15.698568845186
-15.698568845186
-15.698568845186
-13.7254097002937
-9.34061160053123
-4.95581350076879
-0.571015401006363
1.03857401195839
-6.13999741661335
-13.3185688451851
-20.4971402737568
-27.4038010433284
-27.7846059968887
-28.1654109504491
-28.5462159040095
-24.6799090513716
-19.8173660960449
-14.9548231407182
-8.38739237459754
-1.63052962949998
2.05117474455782
0.0218707152538116
-2.0074333140502
-2.14040984937013
-1.11112114644121
0.155277308660196
2.21547797755635
4.27567864645252
3.77924247557036
-4.81321035461951
-13.4056631848094
-13.2824182175705
-7.10250189957971
-1.78442435849423
0.0862980749660913
1.95702050842641
1.45705906179047
-0.831313031232689
1.19170893259228
9.16856078444383
15.8465804085453
18.8279236921274
21.8092669757094
14.8877747671498
0.795263753933831
-4.87799362394771
8.18837805746827
20.1272020799246
10.6426205821272
1.15803908432974
5.9822311548138
14.8422311548138
20.0382938999122
15.8128037038337
13.9003322537152
19.3124201658033
21.537094871628
19.3601037211856
18.0434311548143
21.2434311548143
24.4434311548143
29.1176962150554
34.5514311548145
38.0481712429193
32.0878188200118
26.1274663971043
27.1593723312846
28.9681958606962
26.0133705487538
22.2830675184507
18.5527644881476
15.1682404933356
12.0554000264094
8.94255955948328
16.5294811548141
24.2244811548141
16.7727132060948
2.56758500096748
-0.903094392631033
-0.554221019099103
2.53365337703646
6.26873611935293
4.96377158034592
8.18516249809773
13.0806848861575
15.152681154814
16.1266394881473
14.7639843463034
12.817175835665
15.3822822186439
18.1697909431739
16.8787856521685
16.4707928569421
21.0665375377929
23.1877609420481
18.6186120058776
15.0741295675123
13.1323306257135
12.3316439207715
12.6720694526864
20.317282218643
32.4396226441757
32.6944098782184
28.7795162611974
23.6550025833856
18.3335740119565
23.4631658486921
29.7539821752226
30.4399439753269
30.768149103532
22.3488157701988
14.1474405444854
13.2976752862694
12.4479100280534
9.34904848333361
6.02774884434442
3.1452672203878
2.95838197448617
2.77149672858454
2.51143115481413
1.51143115481411
0.511431154814101
-0.288568845186088
2.71143115481399
5.71143115481407
8.71143115481415
6.84349269327551
4.77272346250628
2.70195423173704
2.26279479117768
2.4900675184504
2.71734024572312
3.52415842754124
4.43324933663214
5.23034024572316
5.01943115481406
4.80852206390497
2.61775468422619
-3.24989237459777
-9.11753943342173
-10.0798479149533
-8.16124326379058
-5.62228977541914
8.7032916199301
23.0288730152793
31.5231753408606
33.4417799920235
35.3603846431863
33.3219357419698
30.7944128061901
30.5697266093595
31.2856357002686
30.1241035686071
28.8637587410209
27.6034139134347
26.3430690858484
25.0827242582622
24.3479596522236
26.5914829682857
27.5067919795562
23.7129775465666
20.1736824637147
17.2888657097881
15.475431154814
15.4862419656249
13.9831847093164
11.082710775667
7.96293977550352
4.52759494791755
1.46752490481398
2.201899904814
2.93627490481402
5.47243593950301
9.6064072313692
9.12591391343458
2.77246563757296
-2.72377892921966
-1.93386296283306
-1.14394699644646
-3.40626758995575
-6.74099562342842
-8.63356884518601
-7.84785455947168
-7.06214027375736
-5.22346154904851
-3.35221691385532
3.14206273376205
12.2367995758669
15.5758290605732
16.8925829872748
18.2093369139764
19.526090840678
19.6555149244476
19.6645978214807
17.9812644881474
16.0768805930162
13.3409255368364
13.4173529425238
17.2218222162669
16.1887495905681
12.4345596464344
14.820313836378
18.3084311548138
22.0917644881473
24.4866888867728
22.929987855845
17.853249336633
5.29643115481476
-1.96551799772818
-5.06721291298245
-3.32930055250296
-0.637814128204759
0.167217318336046
-0.764103436380864
-3.05970092065771
-9.52565745278137
-17.1591348829224
-26.4169965181417
-24.8421537508464
-20.396682052733
-15.3400782791486
-14.1248979591099
-15.1685026200204
-13.9168469908814
-5.96037335646412
3.25798287895168
-5.41328582631843
6.21878964538028
18.4240726642488
20.4950160604743
23.1846387019837
23.7865254944367
22.01103511521
28.054302441943
29.8063368151913
27.8238121071948
24.0807836727993
18.3995169633949
17.2080978214807
16.0166786795665
14.8252595376523
15.2269574706035
15.3173652207481
15.0041784075613
13.2229486645415
10.6159447734911
9.12709782148
12.068676663796
3.25430540631137
8.48011040009703
11.6727556581253
13.8480101021826
19.1374837863932
20.6923135077552
20.7305678454615
21.6442369102097
29.9666829533745
38.2952546842257
31.4423135077553
25.1863232411449
20.0801361907852
18.7851721620083
18.2099605665788
17.5949795419111
11.6659472838464
3.32156102494379
-7.43817923479673
-6.57942598804313
2.30597660935889
16.7345924451367
12.3926569612656
11.7834311548141
15.3834311548139
18.9834311548138
19.4978396055186
14.7584029857998
16.4214311548142
16.2916439207712
12.83065101297
16.0842436548142
19.5465015773493
19.7641083201686
11.5436435441947
1.76488248224673
-0.335157080480158
-1.19349842265074
-1.16532940856624
-3.61459977302094
-4.37490905137148
-5.13521832972202
-5.89552760807256
-6.19209825695062
-4.84450467406293
-3.49691109117523
-2.14931750828753
-1.66190217851928
-2.10634662296372
-2.55079106740815
-2.99523551185258
-7.16455814999836
-13.7153602890362
-8.85260199435695
0.0203261824389038
0.669371068977139
0.69941398743207
4.87774694428723
11.8216065934103
18.7654662425333
22.5094956709431
25.1869150257819
27.8643343806206
28.8184899783435
29.7008429195199
29.950705348363
21.7974795419114
13.6442537354599
12.5074150905567
16.2463709138499
19.7845346030898
21.5155690858485
23.2466035686072
24.9790502024332
26.7171454405284
28.4552406786237
22.429150453059
12.7493258916553
6.76244282796577
6.31497201084517
5.86750119372458
8.19264045713957
11.0856637129537
9.18462487209139
5.02755680926434
-0.0609826382892322
-5.42775379816375
-10.7945249580383
-4.84729495983633
9.12099782148074
6.07766448814741
3.03433115481407
0.0593363917217431
3.84986008249482
7.64038377326789
11.430907464041
15.221431154814
15.8086055035114
16.3957798522088
16.9829542009062
17.5701285496036
18.1263347360813
15.616692862803
13.1070509895246
10.5974091162463
6.82010762540185
1.52461796800043
21.1540782136373
24.3599605665787
17.0250675184505
6.17658266996574
5.65131621228529
8.20960849471554
10.7679007771458
13.326193059576
15.8844853420063
18.4427776244365
17.7513842064571
15.5307269294618
13.3100696524665
11.0894123754712
8.86875509847597
6.64809782148068
4.42744054448539
2.2067832674901
-0.0138740095051801
-2.23453128650047
-4.39331303123247
-4.55145256611618
-4.70959210099991
-4.86773163588362
-5.02587117076734
-5.18401070565106
-5.34215024053478
-6.35718330301718
-7.99272547169191
-9.62826764036664
-10.2829117023288
-8.14576884518597
-6.30185242727551
-4.73966337254914
1.75748053753048
9.68647788378568
11.5933755992584
27.0637676034114
26.0967347985391
21.3922813572436
18.3093634856411
18.1091755157163
17.9089875457915
17.7087995758667
17.5086116059419
17.3084236360171
17.1082356660922
16.9080476961674
16.7078597262426
16.5076717563178
16.307483786393
15.0904511993574
13.4779790390011
11.8655068786447
10.2530347182884
6.41519115481384
-4.87280884518616
-7.86390217851936
-15.2777688451862
-17.278568845186
-13.3840823586995
-12.6921904668076
-12.266226141036
-12.1524376537536
-12.0386491664711
-11.9248606791886
-11.8110721919062
-11.6972837046237
-11.5834952173412
-11.4697067300588
-12.340187892805
-13.2206111732283
-14.1010344536516
-14.9814577340748
-15.8618810144981
-16.7423042949214
-17.6227275753447
-18.5031508557679
-19.3835741361912
-19.6153612980162
-19.294606581035
-18.9738518640539
-18.6530971470727
-18.3323424300916
-18.0115877131105
-16.0220149339803
-6.4300487606188
3.16191741274269
12.7538835861042
22.3458497594657
18.0741853921017
-3.14191630281238
-21.8147713768321
-14.7725772840047
-7.73038319117742
-8.66049777919618
-12.690954631988
2.10465696126612
15.8073771007593
0.0371068304892361
-15.7331634397808
-6.70262289923954
2.8340566374403
8.23618843636736
7.17146351727355
6.10673859817975
5.26704913234214
4.95244239076909
4.63783564919604
6.30926899265217
9.14710683048997
11.9849446683278
11.3498539736058
9.00421638971323
6.65857880582062
4.99500258338543
3.63785972624261
2.84086935706084
16.4916533770355
9.57007980346269
8.7727825061654
11.7652149385978
14.9054580004516
15.3484110205858
12.3970687387069
18.62525665817
17.9706357002688
16.4237388471218
15.8771743980573
15.9633230467059
16.7097060874286
15.9010807505014
15.0924554135741
14.2838300766469
13.6997091004334
13.3492559282279
12.9988027560225
11.3687284521109
8.04407364186076
9.98189747605758
10.5414858993396
9.77688735919362
9.01228881904764
8.24769027890165
7.48309173875567
6.85877292696584
8.79604653942943
4.48194397532703
0.167841411224629
-3.94682971475092
-6.59900362779472
-7.65216143777856
-8.65586514148224
-9.49122509518595
-9.87143342851929
-10.2516417618526
-10.631850095186
-8.06188376231287
-1.58122077888808
2.32728095718535
4.65929676746205
6.92927048999397
8.57192976977241
10.2145890495508
11.8572483293293
13.4579080231415
15.0130681654903
16.5682283078391
15.96066662882
14.2878837542023
12.6151008795845
11.1699677401798
10.0663092035945
8.96265066700923
7.42340483902508
2.68985220744608
-2.04370042413293
-5.98035346057095
-0.752661152878645
4.47503115481366
9.70272346250597
11.0441584275413
11.5896129729958
12.1350675184504
9.96843650240808
1.76522794625837
-6.43798060989134
-14.6411891660411
-18.1564411856115
-18.1351645898668
-18.1138879941221
-18.5629404298854
-20.2214103752405
-21.8798803205957
-23.5383502659508
-20.9666510369672
-15.8022674753232
-10.6378839136792
-5.47350035203514
-3.80967995629702
-2.25412440074146
-0.698568845185903
0.856986710369657
2.41254226592522
3.96809782148078
5.52365337703634
8.6908012335544
11.9427697374914
15.1947382414285
18.314401451844
20.6213321449132
22.9282628379824
25.2351935310516
27.0756823625437
24.7181944398383
22.3607065171329
20.0032185944276
17.6457306717222
13.3173700194426
8.90688967009759
4.49640932075254
0.085928971407494
-3.10526609289249
-4.30710095527778
-5.50893581766307
-6.71077068004836
-7.91260554243364
-9.11444040481893
-10.3162752672042
-11.5956276687153
-12.8897453157741
-14.183862962833
-15.4779806098918
-16.7720982569507
-18.0662159040095
-14.9787528942657
-10.187341851321
-5.39593080837628
-0.60451976543159
4.1868912775131
11.6434654685391
19.6459164489314
27.6483674293237
35.650818409716
37.9349132976712
38.3128894881474
38.6908656786236
39.2008564421704
39.9173315379558
40.6338066337412
38.6543579840824
35.9145205857085
33.4969372276887
31.7641437054215
30.0313501831543
25.5283417239199
20.5364718052203
17.4943307830668
17.5017657273048
17.5092006715427
17.6996664489317
17.9685740119569
16.1734445776332
9.992236523942
3.81102847025077
-1.25636828808268
-4.16166076719138
-7.06695324630007
-9.97224572540878
-12.6194643675741
-15.1806583974249
-17.7418524272757
-19.0540912332456
-18.4928972033949
-17.9317031735442
-17.0790036277949
-10.6876992799689
-4.2963949321428
2.12399313828477
9.00002619613645
15.8760592539881
24.1490782136382
33.2079017430494
42.2667252724607
46.6043462839653
47.5231654721571
48.441984660349
46.1742360328629
43.4303335938383
43.1443461345714
46.3953582803203
49.6463704260693
44.8752662802617
39.5921121583979
34.9700190510676
34.0939383594249
33.2178576677823
32.3417769761396
32.3396129729959
32.7487038820868
33.1577947911777
28.8790858779417
21.4751770831532
14.0712682883648
10.3849376483205
9.99532725871015
9.60571686909975
7.69771949837215
3.93391581739055
0.170112136408942
-3.49592087010824
-6.74514205390883
-9.99436323770941
-13.24358442151
-13.6106931975176
-13.918983352958
-14.2272735083984
-14.3411085277258
-13.0289392155565
-11.7167699033871
-10.4046005912178
-8.31214027375765
-4.70499741661471
-1.09785455947176
2.41324933663223
5.65101157439458
8.88877381215693
12.6145636849349
17.0723950102361
21.5302263355373
24.7735326040897
27.8967210098868
30.5191730902979
30.3041193268571
30.0890655634162
28.6346454405287
24.9769073452905
21.3191692500523
17.661431154814
14.5670915321726
11.4727519095312
8.37841228688971
8.89641348696947
10.2073675505737
11.518321614178
6.20758500096765
0.829962623345093
-3.77595623257328
-3.21739767401473
-2.65883911545618
-5.01693091415152
-7.66348263828927
-7.71666601117801
-5.96767815692702
-4.58770491430029
-5.91383882358758
-7.23997273287487
-8.56610664216216
-9.89224055144945
-10.6820823586995
-10.9137425903597
-11.1454028220199
-7.09324416986117
-2.56510564172298
0.939230507564673
3.73211076646442
6.52499102536417
9.70388729516498
13.2687995758668
16.8337118565687
19.2662038820869
21.0889311548141
25.3716943127092
32.6611679969198
38.4220263929092
36.7196454405282
35.0172644881472
33.1035740119568
31.0761014844845
29.6187237312333
28.2781123775215
24.1178012615758
17.5555236815045
10.9932461014332
7.69807266424802
5.6112802114179
3.62317799025714
2.7700134332951
1.91684887633306
1.06368431937102
0.210519762408985
-0.642644794553057
-1.4958093515151
-2.34897390847713
-3.21249741661457
-4.12321170232883
-5.03392598804308
-5.94464027375734
-6.43656884518594
-6.83656884518594
-7.23656884518595
-6.29632246837438
-4.95574275822945
-3.64534480147009
-5.32294042988546
-6.6333056872912
-6.270732587876
-6.07582030717426
-6.06997235395789
-1.12547941429178
5.95251811133592
13.3604475482572
19.7538901712074
21.6194143480915
15.3567644881478
19.0900978214809
19.7880576608382
17.1976962150552
16.2725320722452
15.7128990447223
13.1416319580265
9.43882071304663
5.88420223915115
3.16934280140016
0.45448336364916
-2.09701105624143
-4.5643477396585
-4.92576664738375
-4.24994247155963
-3.23994815553077
-12.4258102244964
-15.9776688451861
-12.1932961179132
-9.95693248154937
-10.6136970503142
-11.9707375198848
-13.4133146078978
-14.1082298621351
-15.28275878932
-17.6905800183703
-17.2350492921133
-13.7992951021691
-7.47750739267154
0.081151825205712
5.4742732600774
10.6191715394294
12.3932100009679
14.1672484625065
17.974599471646
21.93499551125
20.4581947911775
18.4436493366321
16.5556991448884
15.3323740828536
14.1090490208189
12.8857239587841
11.7355755398407
11.0751477323541
10.4147199248675
9.75429211738082
8.79884803460931
7.38196823921292
5.96508844381653
4.54820864842014
2.93988324326609
1.12415842754124
-0.691566388183602
-2.50729120390844
-4.2505806795056
-5.88963393394341
-7.52868718838123
-9.14793392455101
-10.1267699033871
-11.2508639271534
-13.2672573697763
-15.2836508123992
-14.8700854328637
-13.4151091295462
-18.2629577340742
-27.4907355118522
-31.8644021785191
-22.4478335510672
-18.7111775408372
-19.7570905843162
-17.4923071629432
-7.14183987322294
1.40117474455791
7.44818329156609
13.6365105198928
21.450002583385
29.2634946468771
32.9053714533215
33.2695505577991
33.6337296622767
32.9437840959903
28.2883219111163
23.6328597262423
18.9773975413682
19.6241277840278
23.2533412671737
26.8825547503196
29.9180137878675
26.1252967010327
22.3325796141979
18.5398625273631
16.6802978214807
16.6780755992585
16.6758533770363
16.673631154814
16.63428139636
12.9193055509494
9.2043297055389
5.48935386012836
1.77437801471782
-0.773508604221909
-3.1470025801256
-5.52049655602929
-7.89399053193299
-7.55816683513567
-6.16871959895477
-4.77927236277387
-3.38982512659297
-4.13074407177209
-5.62017005364523
-7.10959603551836
-5.56766523072788
-0.00742426687273934
5.55281669698241
10.0824257784703
6.27328599352388
2.46414620857744
-1.34499357636901
-3.91913879337254
-4.56162584000464
-5.20411288663674
-5.84659993326885
-6.32020096953828
-6.64403516642948
-6.96786936332068
-7.29170356021189
-6.86916470010819
-6.07900925969371
-5.28885381927923
-4.49869837886474
0.854042120871238
7.27701862217684
13.6999951234824
20.1229716247881
16.1429696163526
11.950661924045
7.75835423173745
10.1318762586711
16.882618098434
23.6333599381968
29.1233542317371
30.3925850009679
31.6618157701986
32.9310465394293
28.6841430192213
23.4638040361704
18.2434650531195
14.7103200437029
14.9325422659251
15.1547644881474
18.7010990514927
24.3726857673602
30.0442724832278
25.684764488147
20.210690414073
15.1795080778909
11.9198926932757
9.69732977232503
15.0798182515881
20.4623067308511
21.3288538352264
21.9684681918511
23.6721718955547
25.3758755992583
21.6707168691
17.0110530035535
13.7363385622214
12.0233755992585
9.3969353564949
4.73727149094845
0.0776076254020026
3.52878798300817
7.59046199181877
9.14285972624263
9.40259998598287
9.19718873057171
8.12792466130761
7.06566192404485
6.17143115481404
5.27720038558325
2.04489061427362
-1.82369815552998
-10.0521464313923
-18.2805947072546
-16.5067419221091
-12.0740496144166
-13.2505168971342
-16.7180493646667
-19.6485688451861
-21.7735688451859
-23.6173567239739
-22.2272052088223
-20.8370536936708
-21.2809748602237
-24.0591703489454
-26.8373658376671
-24.5446727412899
-20.8217290183461
-18.494618227902
-17.7415318081489
-16.9080070474332
-14.143962103613
-11.845483738803
-10.8720794834838
-6.63323551185194
2.93343115481375
7.68239005892352
9.08583115481378
11.5391644881471
8.11894793333766
2.2779528939447
4.32812011802497
6.37828734210523
7.23429665188944
0.75476448814689
-6.38528759518633
-14.400912595186
-17.8883329961293
-17.0251254489595
-14.7087763140652
-10.1195646958081
-5.53035307755101
-9.84633140226355
-14.3440482972406
-14.2192318286114
-12.8656406683903
-12.8441370270041
-12.0798188451859
-8.58550066336765
2.67393115481399
23.0489311548123
25.2349311548141
22.5733566206525
14.5423007200309
17.6368288820876
26.722056154815
26.7242022391513
28.100291914308
37.8344691294983
27.2068761809907
5.6152531443424
2.33527730866017
5.48912346250625
28.0633507976701
55.7999579405271
63.5718285058078
55.008914598523
46.4460006912381
38.7457997554969
31.8106461718793
24.8754925882617
20.1651866133296
16.9381123775217
12.4162388471221
5.01239269327565
-1.44555913644817
-4.73682127237059
-7.6992296381376
-9.05605783197021
-10.4128860258028
-10.7961670984611
-11.0712762687667
-10.6889635820281
-9.88633200308075
-9.79580568729112
-11.1510688451859
-12.5227218506504
-14.20578195994
-15.0536427368115
-12.9403422442006
-11.8240781044454
-14.9583373637045
-18.0475996821903
-19.6819609156705
-21.3163221491507
-23.643431230507
-26.1893027901399
-26.380214935721
-24.8658116435398
-22.9239392155559
-18.5597416846917
-14.1955441538276
-9.83134662296337
-12.5450183565867
-15.9586991383455
-19.3723799201043
10.1731958606967
9.82210125790684
9.10560641254604
8.38911156718523
9.06404309511144
20.9968789160077
20.201892966537
15.6050901246187
11.0082872827004
6.41148444078214
1.81468159886384
-0.403173161732873
11.9925102915047
11.2976355343761
6.23924137379218
1.18084721320825
-3.87754694737567
-8.93594110795959
-12.5902755759552
-12.4484486528783
-12.3066217298013
-12.1647948067244
-10.874697877444
-2.26606884518593
-2.64106884518594
-3.01606884518594
-3.39106884518595
-3.72539389918167
-2.06664659896568
-0.407899298749697
1.25084800146629
2.90959530168227
4.81580615481402
7.10907538558327
9.40234461635252
11.6956138471218
12.8640285574114
10.2666259600088
7.66922336260621
5.07182076520362
2.47441816780102
1.95289403691012
2.75857089280531
3.5642477487005
4.36992460459569
5.26110937263573
8.91704996669517
12.5729905607546
16.228931154814
19.8848717488735
17.7981067580312
15.6533346400687
13.5085625221063
11.6642193585674
10.6749432191572
9.68566707974704
8.69639094033686
7.44635094091035
5.96506751845045
4.48378409599056
3.00250067353068
-0.466337206767761
-4.46351234801074
-8.46068748925371
-10.3638179555062
-5.98481439678739
-1.60581083806852
2.77319272065034
7.15219627936919
11.531199838088
8.4798686548141
1.06469008338556
3.70139083223309
22.0602617999749
40.4191327677167
41.0736811548141
39.9772525833855
38.6281240681998
35.2344232807982
31.8407224933966
28.8704397755036
26.2195777065381
23.4906904140733
20.5277274511104
17.5647644881475
19.6700490409927
25.9220815613181
30.8404501421556
22.2739944459533
13.7075387497509
5.14108305354863
3.05100770204536
1.44840183885315
-0.154204024339066
-3.03185205320604
-6.11706508578749
-9.20227811836894
-12.2874911509504
-12.8481546440025
-13.0315865966652
-13.215018549328
-21.7640566500636
-27.1208452679502
-27.8061198655942
-30.0050994574309
-29.913842157083
-27.341494890202
-24.769147623321
-22.5693506633678
-21.0038961179132
-19.4384415724587
-17.8729870270041
-16.3075324815496
-14.742077936095
-13.3652819925963
-12.0166764149071
-10.6680708372178
-9.31946525952856
-7.97085968183931
-7.76856884518595
-7.76856884518595
-6.75821170232877
-4.56178313090028
-6.49722430737086
-9.88273551185266
-10.8082530557122
-6.74051328963021
-1.60856884518596
-16.716353276324
-26.7704049107597
-26.5638475337105
-26.3572901566614
-26.4399006736284
-27.2660857752085
-28.0922708767887
-28.9184559783688
-29.7446410799489
-30.2900947307445
-30.786007537284
-31.2819203438235
-31.393153562794
-29.751957549505
-28.1107615362159
-27.1395051747739
-29.4391306429387
-31.7387561111035
-34.7225240690666
-38.3904345168279
-42.0583449645891
-44.1053891216837
-45.796633361315
-44.8402855833834
-42.4583113344563
-41.4990402256574
-43.5630132896305
-45.6269863536035
-44.7436425914985
-38.3867104381061
-32.0297782847138
-25.6728461313214
-25.8019351818196
-26.201275115813
-26.6006150498064
-17.1750450356626
-7.00996567058314
3.15511369449629
10.3347752062608
16.6723957850389
23.010016363817
25.4115549171903
25.874426204319
26.3372974914477
26.8001687785764
21.5408704071506
12.9209327124466
4.30099501774269
1.17860672733294
5.6480723761879
10.1175380250429
13.2315003589662
16.0065868641565
18.7816733693468
20.1046754296232
21.2840647426003
21.4392089325919
19.086718511136
16.7342280896801
12.4750189410738
7.31853039145554
2.37295787237138
0.73173649832551
-0.909484875720359
-1.5145230436592
-0.80078258564393
-0.087042127628667
-0.338949073322858
-0.80282740031906
-1.27574092701511
-1.78717293664206
-2.29860494626901
-2.81003695589596
-3.32146896552291
-3.83290097514986
-4.34433298477682
-4.85576499440377
-5.36719700403072
0.723745565294458
7.71501194084042
8.4504899783434
4.83872527246114
1.21351950822785
-2.73427165643077
-6.6820628210894
-10.6100394334211
-14.5218041393035
-17.5179222934618
-19.6343016038067
-19.7238929192596
-11.172966993334
-3.20256884518567
-14.0025688451859
-24.8025688451861
-24.3270216753746
-23.6213612980161
-24.291328489103
-27.7542365009724
-31.2171445128419
-34.6800525247113
-35.2881904668076
-35.7773796559968
-36.266568845186
-36.8590061629702
-37.7453035390635
-38.6316009151568
-39.5178982912501
-21.7044104293443
-0.0608460729097118
1.75756560859567
-1.07436716451362
-3.90629993762292
-5.20274466936177
-1.6368106034278
3.65076129835453
11.3158330686898
17.2674311548141
19.7401584275414
22.2128857002687
23.0158680148823
22.6097246701724
22.2035813254625
21.4219489541668
20.4381301839403
19.4543114137138
15.5967299595952
9.48119211098964
3.72649723410915
4.82781882001224
5.92914040591533
4.45916023847944
2.26394111497346
-0.179154782685913
-3.29243603268598
-6.40571728268605
-6.60533074994784
-5.61485455947168
-4.62437836899552
-6.1728463018332
-9.71619890298935
-13.2595515041455
-16.7238497440624
-19.4766587328264
-22.2294677215904
-24.9822767103544
-26.2419633405988
-26.2297309246967
-26.2174985087945
-26.8520104036275
-29.2351272867443
-31.6182441698612
-34.0013610529781
-36.384477936095
-34.460367786985
-30.2169815435987
-21.3944947711123
-20.0152355118525
-21.8781606819207
-18.4087729268185
-15.8284143197997
-17.0381273440822
-18.2478403683648
-19.4575533926473
-20.6672664169299
-20.4423832781757
-19.4784657524025
-18.5145482266293
-17.5506307008561
-16.5867131750829
-15.6227956493097
-14.6588781235365
-13.6949605977633
-12.0093283388569
-10.2435055540467
-8.47768276923657
-9.24519927996856
-10.9028079756207
-20.6868297147511
-32.6686649990324
-34.4849103086005
-33.7393380759552
-34.9076073067244
-35.1600111528783
-34.038616922109
-32.9172226913398
-31.7958284605706
-30.6744342298013
-29.5530399990321
-28.4316457682628
-27.3102515374936
-26.1943488676326
-25.1415991482162
-24.0888494287998
-23.0360997093834
-21.9833499899671
-20.9306002705507
-19.8778505511343
-18.8251008317179
-17.7723511123015
-16.7196013928851
-15.6668516734687
-14.6141019540524
-13.561352234636
-12.5086025152196
-11.4558527958032
-10.4031030763868
-9.35035335697043
-8.29760363755405
-7.24485391813766
-6.19210419872128
-5.13935447930489
-4.08660475988851
-3.03385504047212
-1.98110532105574
-0.928355601639353
0.124394117777033
1.17714383719342
-0.242858060872344
-6.25511296283307
-12.2673678647938
-18.2796227667545
-22.7291593963671
-22.953568845186
-23.1779782940049
-24.693797603356
-25.7175162136069
-22.8622530557124
-26.6215288451856
-26.8385688451863
-19.6340860865652
-21.0306378107032
-22.9599777798938
-25.6885001166636
-28.4170224534334
-27.6326625951859
-23.192037595186
-18.7514125951861
-22.668568845186
-24.2330259880428
-16.4787402737571
-20.409393587454
-24.7682029915274
-26.2499103086006
-27.6770982569507
-29.0332808870707
-31.2688829813116
-32.9576864922447
-30.2223923745977
-30.141068845186
-30.9444021785193
-31.7477355118526
-33.8366640832812
-36.3541244007415
-38.8715847182019
-40.3313990338652
-41.075318845186
-40.750318845186
-40.4284012474206
-40.4116414708843
-40.0812611528782
-38.6389534605705
-37.1966457682629
-39.2951360093651
-43.563792725783
-44.4586898129279
-43.1965930387343
-42.7464550240477
-47.730194861446
-52.7398895999027
-55.3379718302607
-52.5618524272754
-46.0317996144169
-51.4813832164432
-62.888568845186
-55.2669472235644
-47.6453256019429
-44.1489688451859
-46.5889688451859
-49.0289688451859
-39.3983896337166
-28.5740168738599
-18.9624014443049
-18.2443397702961
-17.5262780962873
-14.4389492799685
-10.9335144973599
-7.42807971475126
-3.65739076299437
1.40836266166319
6.47411608632076
11.5398695109783
12.1049835162104
8.51566113428024
4.92633875235005
1.33701637041987
-2.25230601151031
-4.19100646514755
-5.24091049585774
-6.29081452656793
-7.34071855727812
-8.3906225879883
-8.25994420335206
-6.62670638100249
-4.99346855865292
-3.36023073630336
-3.7334417265419
-4.21225528586393
-4.69106884518597
-5.169882404508
-6.29165136945786
-9.56592321411805
-12.8401950587782
-16.1144669034384
-19.552543608593
-24.3159505486561
-29.0793574887193
-33.8427644287824
-32.9843426547097
-31.7670807499478
-30.5498188451859
-22.9062365768148
-10.6091119761758
1.68801262446316
11.5613718076333
18.47235103612
25.3833302646066
31.4057330416063
27.2095066265121
23.0132802114179
20.2270524565892
19.3098926932756
13.1439939688844
5.13394371762811
4.49940868290395
6.32337872035717
7.90829682645579
6.74411772197817
5.07553115481363
-3.29446884518637
-11.2321799562972
-13.4266244007416
-15.6210688451861
-17.8155132896305
-21.1042884023816
-24.6172035315329
-27.3884673223433
-24.720954631988
-22.0534419416327
-19.3859292512774
-18.1743352685434
-23.5952598427527
-29.0161844169621
-34.4371089911715
-39.3038772152299
-36.8082825015735
-34.3126877879172
-31.8170930742609
-29.3214983606045
-28.4998656751571
-29.1626898826499
-29.8255140901427
-30.4585934152105
-30.6256695822867
-30.7927457493629
-30.959821916439
-31.1268980835152
-28.5401591416819
-25.9256038856172
-23.3110486295526
-20.6483102244964
-17.8616722934619
-15.0750343624274
-12.2883964313929
-9.50175850035841
-8.20278506140217
-7.74062289924
-7.27846073707783
-6.81629857491566
-7.60253532563292
-8.46845711334241
-9.3343789010519
-9.43271745199709
-8.16646358202805
-6.90020971205902
-8.39343726623853
-21.9728545594717
-24.6871402737574
-27.4014259880431
-30.1157117023288
-30.7448778580615
-31.0624744245851
-28.7288320030806
-24.1367267399228
-20.277608146496
-18.5046823823038
-16.7317566181117
-13.5991365307754
-10.4244640416925
-0.9932705995719
11.3821679969192
23.7576065934104
19.8300978214808
12.563431154814
5.29676448814725
7.10455396183161
9.09753641797194
8.93728666812209
-5.63305553720113
-20.2033977425243
-20.0376916522036
-5.13593726623876
9.76581711972603
15.001128124511
15.031431154814
15.0617341851171
14.2188249225194
11.7542356873919
9.28964645226446
6.825057217137
4.4946350383092
2.19366416452278
-0.107306709263639
-2.40827758305006
-4.70924845683648
-4.7818710258713
-3.75694890749126
-2.7320267891112
-4.67999741661444
-10.1178856153723
-15.5557738141301
-20.6824338758608
-24.8235381703394
-28.9646424648179
-33.1057467592965
-38.5931233006315
-44.10797478578
-49.6228262709285
-48.9408137431451
-47.932650477839
-47.090512165024
-46.4143988047001
-45.8988629628329
-50.5753335510683
-55.2518041393036
-52.4003823166885
-48.9051542110396
-36.5149103086007
-41.5101817484118
-32.7645280288594
-33.0624872125329
-33.3604463962064
-34.1822897754185
-36.3522122560386
-40.9723672947984
-36.4188765374936
-34.9576597542769
-35.1474800199712
-40.6202593895987
-46.0930387592261
-51.5658181288536
-48.2077355118525
-40.8124452496806
-59.2113216541746
-72.6342338698165
-75.9544309141515
-77.6503013679823
-75.5560764439701
-73.461851519958
-71.3896021785193
-71.4929355118526
-71.596268845186
-71.6692628514951
-68.73866348241
-65.8080641133248
-62.8774647442397
-55.664568845186
-47.6359974166145
-39.7715432041602
-35.8459021785192
-31.9202611528782
-27.9946201272373
-22.6867231151586
-8.88782504353324
4.91107302809213
18.7099710997175
27.7634026512511
32.2574644089708
36.7515261666905
41.2455879244103
43.5303360539495
40.6600190510676
37.7897020481858
34.919385045304
35.104404127787
35.9152149385978
36.7260257494086
42.8586152703376
49.7864131042726
55.4730557035504
49.9893011909151
44.5055466782798
42.591431154814
45.0611341251111
45.4571737290715
43.8447644881474
41.8082311548141
41.9215192605408
31.7232813750784
21.525043489616
20.6200518444692
22.336232215822
24.0524125871748
25.7023850009679
20.7977696163526
15.8931542317372
10.9885388471218
6.76693411339396
2.76101695363064
-1.24490020613268
-2.74026239357307
-0.139455941960186
2.4613505096527
-0.163649490347218
-3.36929465163759
-5.52638702700415
-6.23547793609507
-6.78458333793958
-6.7664673959106
-6.7483514538816
-11.0468928675322
-20.4128146552417
-29.7787364429512
-39.1446582306608
-31.6828693633207
-21.926392679383
-12.1699159954452
-2.66595773407479
-5.53540217851926
-8.40484662296374
-11.2742910674082
-22.7226983998421
-46.0182449585463
-69.3137915172505
-49.4116769532938
-39.4274201965374
-43.1909337100509
-39.349056650064
-42.4738037445147
-45.5882052088224
-42.6609324815496
-39.9374361591018
-39.9212549293284
-39.9050736995549
-39.8888924697814
-35.9893462303449
-32.0105476437726
-35.8255688451849
-49.2151526961177
-44.1992730705381
-44.4668787043409
-52.535274727539
-36.6331367464209
-43.7506815212422
-24.0182871550453
-39.7632576418663
-16.0122202974682
7.73881704692993
18.681191633856
25.9380257494086
25.7407284521113
25.543431154814
25.3461338575168
46.5732565516394
41.0097644881474
35.4462724246554
34.5336209358359
37.7452997679527
40.9569786000696
41.631431154814
29.5698926932756
17.5083542317371
5.44681577019866
-17.5066417618527
8.0298165714804
25.3168933396881
21.8227644881472
35.839431154814
31.6528781001517
24.9840678107627
18.3152575213736
17.262681154814
17.887681154814
18.1443478214807
15.9360144881474
14.4940358059768
13.3963613873722
7.8689068829692
-1.4320639908172
-3.44905665006394
2.42492708977337
8.146066075449
6.37781210719502
4.60955813894104
2.84130417068706
1.03620388208676
-0.77440217851931
-2.58500823912538
-4.39561429973145
0.782864379569808
6.65257121996059
12.5222780603514
14.7355488018728
16.2523555245619
14.0833010735133
9.29556908584854
13.5837388471217
16.4912291346121
20.2002286231686
10.0799754586115
3.65098916586376
2.11507756365382
-3.13803744421982
-10.6694384104034
-15.6234497975669
-22.5933626596188
-31.2480018348765
-31.4217714595651
-29.0622943353821
-26.7028172111991
-32.9079438451861
-25.570443845186
-18.232943845186
-23.1598470406748
-27.3253256019427
-25.5298048002421
-25.3725014294556
-25.2151980586691
-26.8339356405527
-29.4516962583134
-31.9309480273421
-31.7785316704648
-31.6261153135874
-32.1157819599401
-33.7469295009237
-35.3780770419073
-34.1492219064104
-32.6716708860023
-32.9118870270041
-35.0891597542769
-35.6498810623805
-31.8399263112493
-27.727175402563
-18.8706180255138
-10.0140606484646
-6.96527880189591
-7.47610131271843
-2.96999741661453
12.7028136432932
26.2190704990763
26.4879229580927
26.7567754171091
26.7816971122608
24.3402077505587
21.8987183888566
19.4572290271544
15.8716424224196
9.96319171819426
4.05474101396892
-0.707226992150844
-4.2759170879975
-7.84460718384415
-8.85969560574929
-5.33504771842535
-1.81039983110141
-4.63243465988249
-13.3129458419911
-21.9934570240996
-29.6577147526592
-35.7324478487447
-41.8071809448301
-34.5240888451857
-17.5680888451857
-1.21038069187573
8.26697122450056
17.7443231408769
24.8275850009679
22.904508077891
20.981431154814
19.0628692819043
17.1899595829077
15.317049883911
14.1106109655396
18.9024090727951
23.6942071800507
28.4860052873062
26.5292546842258
24.0645488018729
21.5998429195199
22.938830535619
27.6509048390246
32.3629791424302
32.6822920819663
22.7518285058074
12.8213649296484
5.3948879449375
4.40723362394985
3.4195793029622
5.16734193548318
7.39782520685864
8.54937987276278
4.03655935994223
-2.25943304271691
-15.2635482690543
-28.2676634953917
-27.3751853865393
-22.5631553113514
-18.328568845186
-18.328568845186
-18.328568845186
-18.328568845186
-18.9675464809687
-19.6065241167515
-20.2455017525342
-18.0791391873913
-15.4935878565928
-13.7123009026022
-14.4778511418367
-15.3972255616039
-17.1882703377233
-19.2244021785192
-22.7660688451859
-25.8774675236
-27.4633706073005
-29.0492736910009
-30.2850905843164
-31.5024818886642
-34.1796510962682
-37.6428545594717
-40.9914384104033
-44.1175253669251
-47.1373923745977
-47.6079806098918
-48.078568845186
-48.1481340625773
-47.8003079756207
-46.6310796676968
-41.9600839967011
-37.2890883257055
-39.14973286635
-41.9010556176728
-36.6904736070907
-32.5211614377785
-38.4470873637045
-43.838568845186
-47.2195212261383
-50.3842693282777
-53.0895833379396
-54.5125082391253
-52.0882658148829
-46.7736434720515
-33.6442902382208
-28.055183631178
-43.9267789619174
-59.7983742926567
-61.7395212261384
-57.422060908678
-53.1046005912177
-41.8376342657468
-7.66190217851931
-11.7969232755659
-24.1066558017077
16.5902683641158
15.4030473164302
22.6369867103696
30.3792952324839
31.0150160604744
23.5681917181944
16.4985740119568
35.6604787738617
28.041431154814
25.1637333130874
29.409431154814
30.401431154814
23.4619035957589
13.2177355026401
16.2627355026402
26.6896129729959
15.8763092035945
5.94571686909976
4.87143115481405
-23.928568845186
-24.578073795681
-20.3337636503808
-33.4983801659408
-14.5103870270041
-9.54739237459774
-10.4297182704733
-13.148370825384
-8.22964411400314
7.1940117999753
0.204764488147379
1.77143115481405
2.87143115481404
4.53458904955088
1.16616799691931
-6.27695594196015
-5.29999741661452
-0.328568845185956
-3.00129611791323
-13.4871895348411
-21.6588014033255
-15.0142831309003
-27.7873923745978
-22.6659182427763
-19.0900146283185
-9.89930055250306
-7.05052006469813
3.27143115481405
4.93972383774087
8.64427066098687
3.67143115481402
3.22204843876467
0.456241281396288
-6.18679669328721
-10.814644794553
-8.89698989781762
-22.5812004241333
-18.1952355118527
-10.2126268162005
-16.050602743491
-33.6771402737574
-30.19239863242
-30.8740233906405
-43.0558415724586
-34.2434624622073
-46.6820572172789
-39.9657781475116
-43.2774060544883
-48.635545589372
-44.8774060544883
-41.4169409382092
-48.6169409382092
-43.5006618684418
-39.9285688451859
-32.4681037289069
-25.128568845186
-15.4076386126278
-30.328568845186
-38.9380926547098
-38.9952355118526
-33.4523783689955
-37.528568845186
-18.3285688451861
-18.4809497975669
-42.5020628210896
-35.9511494903472
-38.2092140064763
-40.4672785226053
-43.0797883573811
-37.7041786012835
-34.0619021785194
-46.6485688451859
-35.1285688451859
-31.768568845186
-37.9901073067244
-50.1439534605705
-49.7390951609755
-37.6759372662385
-46.0542831309002
-38.1063466229637
-32.5685688451859
-47.2255385421556
-41.303568845186
-56.1952355118526
-57.048568845186
-72.5952355118526
-71.128568845186
-82.0085688451859
-71.128568845186
-77.4142831309003
-70.6871895348411
-63.9285688451859
-84.9063466229637
-91.6428545594717
-67.6142831309002
-49.6428545594717
-13.5009826382894
15.1886725341244
16.841431154814
-2.31646358202808
23.3029696163525
19.2850675184504
17.3931552927451
16.841431154814
33.1563247718353
30.2884899783435
33.7466943127088
34.6792689926519
34.7373215657729
29.3747644881474
22.6734922235163
20.841431154814
